0.0	0.17546
0.5	0.17566
1.0	0.17582
1.5	0.17486
2.0	0.17320
2.5	0.17360
3.0	0.17486
3.5	0.17520
4.0	0.17666
4.5	0.17472
5.0	0.17258
5.5	0.17154
6.0	0.17182
6.5	0.17100
7.0	0.17212
7.5	0.17494
8.0	0.17410
8.5	0.17324
9.0	0.17092
9.5	0.17226
10.0	0.17430
10.5	0.17440
11.0	0.17434
11.5	0.17394
12.0	0.17330
12.5	0.17438
13.0	0.17452
13.5	0.17440
14.0	0.17584
14.5	0.17626
15.0	0.17558
15.5	0.17634
16.0	0.17844
16.5	0.17872
17.0	0.17888
17.5	0.17878
18.0	0.17784
18.5	0.17634
19.0	0.17644
19.5	0.17780
20.0	0.17582
20.5	0.17692
21.0	0.17542
21.5	0.17564
22.0	0.17536
22.5	0.17600
23.0	0.17590
23.5	0.17312
24.0	0.17490
24.5	0.17512
25.0	0.17658
25.5	0.17608
26.0	0.17764
26.5	0.18050
27.0	0.18024
27.5	0.17848
28.0	0.17806
28.5	0.17896
29.0	0.18050
29.5	0.18024
30.0	0.18148
30.5	0.18134
31.0	0.18092
31.5	0.18052
32.0	0.18410
32.5	0.18460
33.0	0.18320
33.5	0.18198
34.0	0.18152
34.5	0.18206
35.0	0.18140
35.5	0.18262
36.0	0.18328
36.5	0.18082
37.0	0.18020
37.5	0.18008
38.0	0.18086
38.5	0.17984
39.0	0.17930
39.5	0.17598
40.0	0.17678
40.5	0.17822
41.0	0.17978
41.5	0.18040
42.0	0.17960
42.5	0.17894
43.0	0.17816
43.5	0.17726
44.0	0.17844
44.5	0.17986
45.0	0.18090
45.5	0.18034
46.0	0.18076
46.5	0.18164
47.0	0.17998
47.5	0.18142
48.0	0.18224
48.5	0.18206
49.0	0.18256
49.5	0.18142
50.0	0.18228
50.5	0.18258
51.0	0.18336
51.5	0.18504
52.0	0.18438
52.5	0.18376
53.0	0.18444
53.5	0.18256
54.0	0.18366
54.5	0.18550
55.0	0.18406
55.5	0.18332
56.0	0.18228
56.5	0.18400
57.0	0.18344
57.5	0.18324
58.0	0.18352
58.5	0.18168
59.0	0.18150
59.5	0.18400
60.0	0.18442
60.5	0.18316
61.0	0.18370
61.5	0.18436
62.0	0.18254
62.5	0.18344
63.0	0.18316
63.5	0.18246
64.0	0.18262
64.5	0.18280
65.0	0.18270
65.5	0.18334
66.0	0.18264
66.5	0.18152
67.0	0.18116
67.5	0.18138
68.0	0.18106
68.5	0.18162
69.0	0.18128
69.5	0.18216
70.0	0.18122
70.5	0.17974
71.0	0.17972
71.5	0.18106
72.0	0.18204
72.5	0.18130
73.0	0.18120
73.5	0.18122
74.0	0.17948
74.5	0.17778
75.0	0.17920
75.5	0.18030
76.0	0.18008
76.5	0.17716
77.0	0.17806
77.5	0.17848
78.0	0.18016
78.5	0.18176
79.0	0.18158
79.5	0.18076
80.0	0.18044
80.5	0.17950
81.0	0.17890
81.5	0.18052
82.0	0.18180
82.5	0.18262
83.0	0.18356
83.5	0.18242
84.0	0.18344
84.5	0.18504
85.0	0.18436
85.5	0.18256
86.0	0.18252
86.5	0.18314
87.0	0.18362
87.5	0.18512
88.0	0.18454
88.5	0.18302
89.0	0.18436
89.5	0.18478
90.0	0.18574
90.5	0.18450
91.0	0.18434
91.5	0.18468
92.0	0.18294
92.5	0.18272
93.0	0.18152
93.5	0.18168
94.0	0.18138
94.5	0.18238
95.0	0.18192
95.5	0.18068
96.0	0.18130
96.5	0.18224
97.0	0.18162
97.5	0.18104
98.0	0.18070
98.5	0.18098
99.0	0.17906
99.5	0.17970
100.0	0.17900
100.5	0.18024
101.0	0.18030
101.5	0.18082
102.0	0.18110
102.5	0.18094
103.0	0.18284
103.5	0.18272
104.0	0.18212
104.5	0.17958
105.0	0.17846
105.5	0.17970
106.0	0.18086
106.5	0.18260
107.0	0.18348
107.5	0.18170
108.0	0.18158
108.5	0.18192
109.0	0.18310
109.5	0.18244
110.0	0.18264
110.5	0.18296
111.0	0.18324
111.5	0.18190
112.0	0.18226
112.5	0.18122
113.0	0.18166
113.5	0.18072
114.0	0.18140
114.5	0.18196
115.0	0.18274
115.5	0.18334
116.0	0.18374
116.5	0.18364
117.0	0.18322
117.5	0.18146
118.0	0.18264
118.5	0.18244
119.0	0.18362
119.5	0.18342
120.0	0.18332
120.5	0.18188
121.0	0.18196
121.5	0.18216
122.0	0.18232
122.5	0.18286
123.0	0.18216
123.5	0.18140
124.0	0.18202
124.5	0.18148
125.0	0.18190
125.5	0.18294
126.0	0.18244
126.5	0.18206
127.0	0.18116
127.5	0.18116
128.0	0.17902
128.5	0.18078
129.0	0.18054
129.5	0.17878
130.0	0.17844
130.5	0.17988
131.0	0.17984
131.5	0.18062
132.0	0.17956
132.5	0.17998
133.0	0.18086
133.5	0.18214
134.0	0.18108
134.5	0.18146
135.0	0.18198
135.5	0.18182
136.0	0.18046
136.5	0.17922
137.0	0.17926
137.5	0.17996
138.0	0.18024
138.5	0.18028
139.0	0.17912
139.5	0.17760
140.0	0.18022
140.5	0.18106
141.0	0.18120
141.5	0.17766
142.0	0.17724
142.5	0.17540
143.0	0.17684
143.5	0.17840
144.0	0.17808
144.5	0.17904
145.0	0.17922
145.5	0.17854
146.0	0.17736
146.5	0.17660
147.0	0.17704
147.5	0.17608
148.0	0.17418
148.5	0.17504
149.0	0.17680
149.5	0.17610
150.0	0.17844
150.5	0.17740
151.0	0.17636
151.5	0.17640
152.0	0.17578
152.5	0.17612
153.0	0.17536
153.5	0.17616
154.0	0.17742
154.5	0.17816
155.0	0.17794
155.5	0.17470
156.0	0.17462
156.5	0.17590
157.0	0.17340
157.5	0.17236
158.0	0.17262
158.5	0.17254
159.0	0.17268
159.5	0.17294
160.0	0.17146
160.5	0.16964
161.0	0.17134
161.5	0.17366
162.0	0.17550
162.5	0.17766
163.0	0.17720
163.5	0.17344
164.0	0.16994
164.5	0.16996
165.0	0.17182
165.5	0.17352
166.0	0.17308
166.5	0.17442
167.0	0.17348
167.5	0.17436
168.0	0.17216
168.5	0.17220
169.0	0.17154
169.5	0.17266
170.0	0.17128
170.5	0.17034
171.0	0.17204
171.5	0.17284
172.0	0.17344
172.5	0.17410
173.0	0.17588
173.5	0.17492
174.0	0.17444
174.5	0.17606
175.0	0.17440
175.5	0.17302
176.0	0.17192
176.5	0.17198
177.0	0.17198
177.5	0.17292
178.0	0.17378
178.5	0.17490
179.0	0.17646
179.5	0.17582
180.0	0.17686
180.5	0.17616
181.0	0.17690
181.5	0.17876
182.0	0.17856
182.5	0.17888
183.0	0.17782
183.5	0.17892
184.0	0.17798
184.5	0.17696
185.0	0.17486
185.5	0.17688
186.0	0.17766
186.5	0.17856
187.0	0.17704
187.5	0.17472
188.0	0.17404
188.5	0.17430
189.0	0.17452
189.5	0.17666
190.0	0.17794
190.5	0.17830
191.0	0.17866
191.5	0.17812
192.0	0.17600
192.5	0.17686
193.0	0.17784
193.5	0.17934
194.0	0.17842
194.5	0.17880
195.0	0.17820
195.5	0.17776
196.0	0.17880
196.5	0.17900
197.0	0.17756
197.5	0.17706
198.0	0.17548
198.5	0.17508
199.0	0.17534
199.5	0.17612
200.0	0.17504
200.5	0.17576
201.0	0.17740
201.5	0.17744
202.0	0.17556
202.5	0.17566
203.0	0.17654
203.5	0.17656
204.0	0.17764
204.5	0.17788
205.0	0.17838
205.5	0.17844
206.0	0.17838
206.5	0.17654
207.0	0.17390
207.5	0.17364
208.0	0.17552
208.5	0.17364
209.0	0.17424
209.5	0.17532
210.0	0.17520
210.5	0.17442
211.0	0.17260
211.5	0.17410
212.0	0.17336
212.5	0.17386
213.0	0.17466
213.5	0.17358
214.0	0.17516
214.5	0.17534
215.0	0.17808
215.5	0.17746
216.0	0.17788
216.5	0.17776
217.0	0.17844
217.5	0.17864
218.0	0.17928
218.5	0.17942
219.0	0.17992
219.5	0.17930
220.0	0.17968
220.5	0.18136
221.0	0.18120
221.5	0.18144
222.0	0.17946
222.5	0.17762
223.0	0.17874
223.5	0.17954
224.0	0.17798
224.5	0.17790
225.0	0.17688
225.5	0.17544
226.0	0.17524
226.5	0.17540
227.0	0.17630
227.5	0.17716
228.0	0.17726
228.5	0.17718
229.0	0.17780
229.5	0.17688
230.0	0.17836
230.5	0.17674
231.0	0.17708
231.5	0.17710
232.0	0.17644
232.5	0.17624
233.0	0.17642
233.5	0.17758
234.0	0.17914
234.5	0.17820
235.0	0.17850
235.5	0.17784
236.0	0.17722
236.5	0.17622
237.0	0.17848
237.5	0.17950
238.0	0.17784
238.5	0.17790
239.0	0.17834
239.5	0.17686
240.0	0.17668
240.5	0.17732
241.0	0.17804
241.5	0.17738
242.0	0.17808
242.5	0.18034
243.0	0.18090
243.5	0.17896
244.0	0.17922
244.5	0.17878
245.0	0.17972
245.5	0.17896
246.0	0.17778
246.5	0.17698
247.0	0.17864
247.5	0.17858
248.0	0.17884
248.5	0.17800
249.0	0.17770
249.5	0.17608
250.0	0.17552
250.5	0.17580
251.0	0.17318
251.5	0.17372
252.0	0.17176
252.5	0.17190
253.0	0.17196
253.5	0.17146
254.0	0.16932
254.5	0.16926
255.0	0.17054
255.5	0.16962
256.0	0.17004
256.5	0.17098
257.0	0.17390
257.5	0.17410
258.0	0.17352
258.5	0.17390
259.0	0.17534
259.5	0.17524
260.0	0.17546
260.5	0.17644
261.0	0.17708
261.5	0.17628
262.0	0.17580
262.5	0.17448
263.0	0.17504
263.5	0.17308
264.0	0.17088
264.5	0.17036
265.0	0.17112
265.5	0.17334
266.0	0.17536
266.5	0.17382
267.0	0.17430
267.5	0.17340
268.0	0.17228
268.5	0.17272
269.0	0.17324
269.5	0.17484
270.0	0.17256
270.5	0.17282
271.0	0.17200
271.5	0.17134
272.0	0.17250
272.5	0.17192
273.0	0.17118
273.5	0.17102
274.0	0.17022
274.5	0.17208
275.0	0.17218
275.5	0.17060
276.0	0.17172
276.5	0.17220
277.0	0.17250
277.5	0.17380
278.0	0.17292
278.5	0.17296
279.0	0.17358
279.5	0.17296
280.0	0.17164
280.5	0.17160
281.0	0.17482
281.5	0.17326
282.0	0.17230
282.5	0.17164
283.0	0.16976
283.5	0.17058
284.0	0.17048
284.5	0.17050
285.0	0.16914
285.5	0.16866
286.0	0.16894
286.5	0.16902
287.0	0.17012
287.5	0.16982
288.0	0.16892
288.5	0.16826
289.0	0.16910
289.5	0.16934
290.0	0.16772
290.5	0.16708
291.0	0.16612
291.5	0.16584
292.0	0.16580
292.5	0.16580
293.0	0.16618
293.5	0.16778
294.0	0.16686
294.5	0.16606
295.0	0.16394
295.5	0.16194
296.0	0.16324
296.5	0.16490
297.0	0.16394
297.5	0.16298
298.0	0.16240
298.5	0.16344
299.0	0.16376
299.5	0.16474
300.0	0.16394
300.5	0.16266
301.0	0.16264
301.5	0.16094
302.0	0.16372
302.5	0.16468
303.0	0.16402
303.5	0.16352
304.0	0.16082
304.5	0.16066
305.0	0.15996
305.5	0.16178
306.0	0.16210
306.5	0.16204
307.0	0.16278
307.5	0.16134
308.0	0.16074
308.5	0.16092
309.0	0.16292
309.5	0.16236
310.0	0.16192
310.5	0.16034
311.0	0.16120
311.5	0.16138
312.0	0.16178
312.5	0.16320
313.0	0.16376
313.5	0.16322
314.0	0.16214
314.5	0.16210
315.0	0.16302
315.5	0.16290
316.0	0.16342
316.5	0.16308
317.0	0.16110
317.5	0.16112
318.0	0.16310
318.5	0.16372
319.0	0.16488
319.5	0.16336
320.0	0.16356
320.5	0.16254
321.0	0.16408
321.5	0.16206
322.0	0.16260
322.5	0.16342
323.0	0.16150
323.5	0.16492
324.0	0.16652
324.5	0.16512
325.0	0.16596
325.5	0.16774
326.0	0.16482
326.5	0.16484
327.0	0.16610
327.5	0.16636
328.0	0.16788
328.5	0.16666
329.0	0.16820
329.5	0.16758
330.0	0.16740
330.5	0.16920
331.0	0.16912
331.5	0.16774
332.0	0.16678
332.5	0.16782
333.0	0.16770
333.5	0.16504
334.0	0.16346
334.5	0.16466
335.0	0.16372
335.5	0.16120
336.0	0.16262
336.5	0.16386
337.0	0.16276
337.5	0.16154
338.0	0.16336
338.5	0.16330
339.0	0.16542
339.5	0.16694
340.0	0.16664
340.5	0.16678
341.0	0.16864
341.5	0.16818
342.0	0.16994
342.5	0.17030
343.0	0.17150
343.5	0.17238
344.0	0.17126
344.5	0.17154
345.0	0.17052
345.5	0.17084
346.0	0.17396
346.5	0.17454
347.0	0.17288
347.5	0.17312
348.0	0.17306
348.5	0.17248
349.0	0.17228
349.5	0.17380
350.0	0.17552
350.5	0.17564
351.0	0.17718
351.5	0.17850
352.0	0.17832
352.5	0.17928
353.0	0.17804
353.5	0.17756
354.0	0.17830
354.5	0.17842
355.0	0.17972
355.5	0.18012
356.0	0.18124
356.5	0.18068
357.0	0.18014
357.5	0.18120
358.0	0.18288
358.5	0.18378
359.0	0.18442
359.5	0.18448
360.0	0.18552
360.5	0.18538
361.0	0.18410
361.5	0.18810
362.0	0.18986
362.5	0.19140
363.0	0.19040
363.5	0.18712
364.0	0.18844
364.5	0.19176
365.0	0.19446
365.5	0.19462
366.0	0.19412
366.5	0.19290
367.0	0.19384
367.5	0.19540
368.0	0.19660
368.5	0.19712
369.0	0.19736
369.5	0.19820
370.0	0.19810
370.5	0.19992
371.0	0.20042
371.5	0.20206
372.0	0.20194
372.5	0.20102
373.0	0.20262
373.5	0.20366
374.0	0.20348
374.5	0.20574
375.0	0.20554
375.5	0.20512
376.0	0.20594
376.5	0.20678
377.0	0.20830
377.5	0.20954
378.0	0.21054
378.5	0.20890
379.0	0.20924
379.5	0.20940
380.0	0.21094
380.5	0.21284
381.0	0.21334
381.5	0.21394
382.0	0.21250
382.5	0.21158
383.0	0.21324
383.5	0.21362
384.0	0.21448
384.5	0.21394
385.0	0.21378
385.5	0.21508
386.0	0.21496
386.5	0.21748
387.0	0.21870
387.5	0.21864
388.0	0.21828
388.5	0.21802
389.0	0.22014
389.5	0.22142
390.0	0.22460
390.5	0.22338
391.0	0.22234
391.5	0.22128
392.0	0.22494
392.5	0.22748
393.0	0.22820
393.5	0.22790
394.0	0.22526
394.5	0.22322
395.0	0.22380
395.5	0.22460
396.0	0.22506
396.5	0.22710
397.0	0.22514
397.5	0.22290
398.0	0.22256
398.5	0.22582
399.0	0.22720
399.5	0.22816
400.0	0.22716
400.5	0.22594
401.0	0.22810
401.5	0.22934
402.0	0.23094
402.5	0.23128
403.0	0.23018
403.5	0.23044
404.0	0.23122
404.5	0.23078
405.0	0.23050
405.5	0.22928
406.0	0.23048
406.5	0.23146
407.0	0.23246
407.5	0.23386
408.0	0.23580
408.5	0.23488
409.0	0.23308
409.5	0.23232
410.0	0.23176
410.5	0.23466
411.0	0.23594
411.5	0.23662
412.0	0.23680
412.5	0.23564
413.0	0.23578
413.5	0.23596
414.0	0.23620
414.5	0.23684
415.0	0.23716
415.5	0.23606
416.0	0.23662
416.5	0.23754
417.0	0.23700
417.5	0.23744
418.0	0.23534
418.5	0.23442
419.0	0.23360
419.5	0.23532
420.0	0.23576
420.5	0.23762
421.0	0.23688
421.5	0.23408
422.0	0.23278
422.5	0.23386
423.0	0.23416
423.5	0.23502
424.0	0.23660
424.5	0.23644
425.0	0.23552
425.5	0.23510
426.0	0.23346
426.5	0.23416
427.0	0.23404
427.5	0.23338
428.0	0.23222
428.5	0.23288
429.0	0.23376
429.5	0.23292
430.0	0.23236
430.5	0.23150
431.0	0.23132
431.5	0.23098
432.0	0.23182
432.5	0.23238
433.0	0.22920
433.5	0.22866
434.0	0.22540
434.5	0.22492
435.0	0.22454
435.5	0.22620
436.0	0.22826
436.5	0.22948
437.0	0.22766
437.5	0.22596
438.0	0.22462
438.5	0.22310
439.0	0.22470
439.5	0.22646
440.0	0.22726
440.5	0.22584
441.0	0.22478
441.5	0.22472
442.0	0.22668
442.5	0.22608
443.0	0.22580
443.5	0.22450
444.0	0.22254
444.5	0.22166
445.0	0.22058
445.5	0.22082
446.0	0.22010
446.5	0.22104
447.0	0.22030
447.5	0.21772
448.0	0.21790
448.5	0.21682
449.0	0.21706
449.5	0.21340
450.0	0.21216
450.5	0.21198
451.0	0.21322
451.5	0.21316
452.0	0.21292
452.5	0.21176
453.0	0.21210
453.5	0.20950
454.0	0.20800
454.5	0.20876
455.0	0.20908
455.5	0.20842
456.0	0.20656
456.5	0.20698
457.0	0.20756
457.5	0.20752
458.0	0.20646
458.5	0.20574
459.0	0.20496
459.5	0.20372
460.0	0.20222
460.5	0.20242
461.0	0.20278
461.5	0.20088
462.0	0.19918
462.5	0.19750
463.0	0.19630
463.5	0.19530
464.0	0.19510
464.5	0.19430
465.0	0.19374
465.5	0.19202
466.0	0.19058
466.5	0.19008
467.0	0.19020
467.5	0.18816
468.0	0.18648
468.5	0.18456
469.0	0.18316
469.5	0.18504
470.0	0.18612
470.5	0.18366
471.0	0.18274
471.5	0.18270
472.0	0.18128
472.5	0.17962
473.0	0.17858
473.5	0.17860
474.0	0.17764
474.5	0.17728
475.0	0.17578
475.5	0.17528
476.0	0.17496
476.5	0.17490
477.0	0.17372
477.5	0.17188
478.0	0.17166
478.5	0.17176
479.0	0.16990
479.5	0.17018
480.0	0.16984
480.5	0.16906
481.0	0.16788
481.5	0.16850
482.0	0.16768
482.5	0.16770
483.0	0.16434
483.5	0.16264
484.0	0.16106
484.5	0.16084
485.0	0.16096
485.5	0.15998
486.0	0.15934
486.5	0.15724
487.0	0.15650
487.5	0.15544
488.0	0.15524
488.5	0.15490
489.0	0.15450
489.5	0.15176
490.0	0.15028
490.5	0.15120
491.0	0.15112
491.5	0.15210
492.0	0.15188
492.5	0.15094
493.0	0.14866
493.5	0.14962
494.0	0.14944
494.5	0.15138
495.0	0.15212
495.5	0.15028
496.0	0.14724
496.5	0.14510
497.0	0.14408
497.5	0.14358
498.0	0.14428
498.5	0.14436
499.0	0.14398
499.5	0.14290
500.0	0.14248
500.5	0.14284
501.0	0.14456
501.5	0.14394
502.0	0.14334
502.5	0.14468
503.0	0.14476
503.5	0.14418
504.0	0.14382
504.5	0.14462
505.0	0.14608
505.5	0.14460
506.0	0.14244
506.5	0.14198
507.0	0.14364
507.5	0.14400
508.0	0.14194
508.5	0.14020
509.0	0.13998
509.5	0.14018
510.0	0.14038
510.5	0.14074
511.0	0.13992
511.5	0.13936
512.0	0.13892
512.5	0.13986
513.0	0.14072
513.5	0.14096
514.0	0.14144
514.5	0.14106
515.0	0.14164
515.5	0.14210
516.0	0.14210
516.5	0.14076
517.0	0.14072
517.5	0.13962
518.0	0.14146
518.5	0.14088
519.0	0.14094
519.5	0.13998
520.0	0.14060
520.5	0.14184
521.0	0.14132
521.5	0.14104
522.0	0.14020
522.5	0.14058
523.0	0.14106
523.5	0.14078
524.0	0.14000
524.5	0.13998
525.0	0.14042
525.5	0.13892
526.0	0.14070
526.5	0.13914
527.0	0.13920
527.5	0.13980
528.0	0.13942
528.5	0.14156
529.0	0.14428
529.5	0.14328
530.0	0.14072
530.5	0.14066
531.0	0.14018
531.5	0.14184
532.0	0.14242
532.5	0.14386
533.0	0.14280
533.5	0.14114
534.0	0.14008
534.5	0.14330
535.0	0.14480
535.5	0.14930
536.0	0.15102
536.5	0.14936
537.0	0.14762
537.5	0.14670
538.0	0.15008
538.5	0.15290
539.0	0.15220
539.5	0.15012
540.0	0.14994
540.5	0.15166
541.0	0.15422
541.5	0.15384
542.0	0.15444
542.5	0.15414
543.0	0.15504
543.5	0.15604
544.0	0.15572
544.5	0.15800
545.0	0.15934
545.5	0.15884
546.0	0.15832
546.5	0.15724
547.0	0.15998
547.5	0.16272
548.0	0.16314
548.5	0.16362
549.0	0.16404
549.5	0.16494
550.0	0.16682
550.5	0.16770
551.0	0.16948
551.5	0.16834
552.0	0.16870
552.5	0.16866
553.0	0.16858
553.5	0.16886
554.0	0.17196
554.5	0.17484
555.0	0.17576
555.5	0.17386
556.0	0.17794
556.5	0.17852
557.0	0.17938
557.5	0.18076
558.0	0.18138
558.5	0.18214
559.0	0.18150
559.5	0.18450
560.0	0.18688
560.5	0.18796
561.0	0.18820
561.5	0.18676
562.0	0.18686
562.5	0.19064
563.0	0.19278
563.5	0.19360
564.0	0.19254
564.5	0.19390
565.0	0.19542
565.5	0.19608
566.0	0.19742
566.5	0.19852
567.0	0.19866
567.5	0.20024
568.0	0.20068
568.5	0.20244
569.0	0.20326
569.5	0.20226
570.0	0.20374
570.5	0.20424
571.0	0.20584
571.5	0.20528
572.0	0.20696
572.5	0.20816
573.0	0.20854
573.5	0.20806
574.0	0.20910
574.5	0.20948
575.0	0.20894
575.5	0.21198
576.0	0.21248
576.5	0.21374
577.0	0.21422
577.5	0.21444
578.0	0.21472
578.5	0.21594
579.0	0.21792
579.5	0.21756
580.0	0.21808
580.5	0.21922
581.0	0.22126
581.5	0.22292
582.0	0.22284
582.5	0.22518
583.0	0.22454
583.5	0.22462
584.0	0.22670
584.5	0.22726
585.0	0.22956
585.5	0.22864
586.0	0.22822
586.5	0.22880
587.0	0.22906
587.5	0.23032
588.0	0.23110
588.5	0.23326
589.0	0.23402
589.5	0.23670
590.0	0.23652
590.5	0.23716
591.0	0.23944
591.5	0.24182
592.0	0.24076
592.5	0.24092
593.0	0.24016
593.5	0.24054
594.0	0.24370
594.5	0.24474
595.0	0.24314
595.5	0.24560
596.0	0.24720
596.5	0.24844
597.0	0.24834
597.5	0.24734
598.0	0.24650
598.5	0.24546
599.0	0.24784
599.5	0.24836
600.0	0.24920
600.5	0.24824
601.0	0.24778
601.5	0.24846
602.0	0.24976
602.5	0.24822
603.0	0.24978
603.5	0.24944
604.0	0.24778
604.5	0.24704
605.0	0.24680
605.5	0.24938
606.0	0.24986
606.5	0.25120
607.0	0.25096
607.5	0.24892
608.0	0.24984
608.5	0.24942
609.0	0.24984
609.5	0.25018
610.0	0.24988
610.5	0.24994
611.0	0.25216
611.5	0.25324
612.0	0.25358
612.5	0.25506
613.0	0.25736
613.5	0.25708
614.0	0.25692
614.5	0.25578
615.0	0.25692
615.5	0.25908
616.0	0.25800
616.5	0.25712
617.0	0.25598
617.5	0.25244
618.0	0.25468
618.5	0.25718
619.0	0.25738
619.5	0.25732
620.0	0.25882
620.5	0.25686
621.0	0.25546
621.5	0.25522
622.0	0.25580
622.5	0.25558
623.0	0.25424
623.5	0.25358
624.0	0.25276
624.5	0.25498
625.0	0.25486
625.5	0.25438
626.0	0.25182
626.5	0.24992
627.0	0.25026
627.5	0.25246
628.0	0.25050
628.5	0.25044
629.0	0.25108
629.5	0.24974
630.0	0.25074
630.5	0.24998
631.0	0.24782
631.5	0.24522
632.0	0.24668
632.5	0.24542
633.0	0.24266
633.5	0.24660
634.0	0.24722
634.5	0.24670
635.0	0.24606
635.5	0.24554
636.0	0.24590
636.5	0.24508
637.0	0.24488
637.5	0.24454
638.0	0.24338
638.5	0.24266
639.0	0.24270
639.5	0.24338
640.0	0.24404
640.5	0.24264
641.0	0.23948
641.5	0.23542
642.0	0.23524
642.5	0.23464
643.0	0.23378
643.5	0.23368
644.0	0.23336
644.5	0.23322
645.0	0.23224
645.5	0.22948
646.0	0.23118
646.5	0.23080
647.0	0.22934
647.5	0.22722
648.0	0.22452
648.5	0.22334
649.0	0.22510
649.5	0.22398
650.0	0.22258
650.5	0.22204
651.0	0.22180
651.5	0.21940
652.0	0.22102
652.5	0.22058
653.0	0.21694
653.5	0.21614
654.0	0.21466
654.5	0.21266
655.0	0.21384
655.5	0.21326
656.0	0.21098
656.5	0.20726
657.0	0.20622
657.5	0.20614
658.0	0.20482
658.5	0.20452
659.0	0.20438
659.5	0.20052
660.0	0.20080
660.5	0.19916
661.0	0.19798
661.5	0.19812
662.0	0.19718
662.5	0.19368
663.0	0.19202
663.5	0.19062
664.0	0.18764
664.5	0.18710
665.0	0.18740
665.5	0.18868
666.0	0.18754
666.5	0.18448
667.0	0.18324
667.5	0.18330
668.0	0.18000
668.5	0.18146
669.0	0.18026
669.5	0.17894
670.0	0.17810
670.5	0.17904
671.0	0.17764
671.5	0.17434
672.0	0.17136
672.5	0.16866
673.0	0.16894
673.5	0.16872
674.0	0.16824
674.5	0.16936
675.0	0.16768
675.5	0.16494
676.0	0.16438
676.5	0.16518
677.0	0.16402
677.5	0.16140
678.0	0.16008
678.5	0.15808
679.0	0.15716
679.5	0.15662
680.0	0.15676
680.5	0.15778
681.0	0.15744
681.5	0.15412
682.0	0.15234
682.5	0.15340
683.0	0.15154
683.5	0.14998
684.0	0.14730
684.5	0.14544
685.0	0.14400
685.5	0.14344
686.0	0.14294
686.5	0.14346
687.0	0.14272
687.5	0.14220
688.0	0.14010
688.5	0.13846
689.0	0.13930
689.5	0.13940
690.0	0.14046
690.5	0.13814
691.0	0.13564
691.5	0.13274
692.0	0.13164
692.5	0.13056
693.0	0.13242
693.5	0.12938
694.0	0.12800
694.5	0.12646
695.0	0.12596
695.5	0.12620
696.0	0.12460
696.5	0.12458
697.0	0.12316
697.5	0.12222
698.0	0.12328
698.5	0.12382
699.0	0.12296
699.5	0.12186
700.0	0.12014
700.5	0.11872
701.0	0.11816
701.5	0.11850
702.0	0.11696
702.5	0.11560
703.0	0.11514
703.5	0.11422
704.0	0.11346
704.5	0.11432
705.0	0.11440
705.5	0.11440
706.0	0.11282
706.5	0.11292
707.0	0.11132
707.5	0.11086
708.0	0.11176
708.5	0.11394
709.0	0.11328
709.5	0.11156
710.0	0.10804
710.5	0.10834
711.0	0.10958
711.5	0.11060
712.0	0.10982
712.5	0.10748
713.0	0.10604
713.5	0.10706
714.0	0.10796
714.5	0.10820
715.0	0.10640
715.5	0.10622
716.0	0.10606
716.5	0.10450
717.0	0.10788
717.5	0.10892
718.0	0.10922
718.5	0.10890
719.0	0.11042
719.5	0.11056
720.0	0.10992
720.5	0.11182
721.0	0.11244
721.5	0.11230
722.0	0.11082
722.5	0.11004
723.0	0.11130
723.5	0.11328
724.0	0.11124
724.5	0.11072
725.0	0.10936
725.5	0.10910
726.0	0.11044
726.5	0.11288
727.0	0.11138
727.5	0.11066
728.0	0.11324
728.5	0.11488
729.0	0.11544
729.5	0.11930
730.0	0.12016
730.5	0.12004
731.0	0.11988
731.5	0.12040
732.0	0.12084
732.5	0.12382
733.0	0.12522
733.5	0.12486
734.0	0.12590
734.5	0.12576
735.0	0.12480
735.5	0.12692
736.0	0.12738
736.5	0.12816
737.0	0.12936
737.5	0.13008
738.0	0.13058
738.5	0.13108
739.0	0.13216
739.5	0.13278
740.0	0.13480
740.5	0.13426
741.0	0.13320
741.5	0.13484
742.0	0.13682
742.5	0.13856
743.0	0.13790
743.5	0.13920
744.0	0.14052
744.5	0.14480
745.0	0.14594
745.5	0.14654
746.0	0.14700
746.5	0.14808
747.0	0.14946
747.5	0.15124
748.0	0.15312
748.5	0.15406
749.0	0.15416
749.5	0.15482
750.0	0.15462
750.5	0.15682
751.0	0.15984
751.5	0.15994
752.0	0.15940
752.5	0.16032
753.0	0.16320
753.5	0.16588
754.0	0.16542
754.5	0.16546
755.0	0.16796
755.5	0.16974
756.0	0.16946
756.5	0.16924
757.0	0.17318
757.5	0.17646
758.0	0.17874
758.5	0.18184
759.0	0.18108
759.5	0.18194
760.0	0.18442
760.5	0.18448
761.0	0.18644
761.5	0.18482
762.0	0.18542
762.5	0.18672
763.0	0.19044
763.5	0.19548
764.0	0.19612
764.5	0.19702
765.0	0.19782
765.5	0.19898
766.0	0.20070
766.5	0.20462
767.0	0.20620
767.5	0.20626
768.0	0.20790
768.5	0.20968
769.0	0.21160
769.5	0.21300
770.0	0.21282
770.5	0.21458
771.0	0.21638
771.5	0.21634
772.0	0.21638
772.5	0.21894
773.0	0.22078
773.5	0.22176
774.0	0.22022
774.5	0.22184
775.0	0.22408
775.5	0.22554
776.0	0.22774
776.5	0.23060
777.0	0.23082
777.5	0.23126
778.0	0.23292
778.5	0.23470
779.0	0.23710
779.5	0.23796
780.0	0.23942
780.5	0.24122
781.0	0.24126
781.5	0.24416
782.0	0.24772
782.5	0.24822
783.0	0.24876
783.5	0.24916
784.0	0.24916
784.5	0.25010
785.0	0.25252
785.5	0.25156
786.0	0.25210
786.5	0.25314
787.0	0.25396
787.5	0.25494
788.0	0.25598
788.5	0.25738
789.0	0.25884
789.5	0.25952
790.0	0.26002
790.5	0.26078
791.0	0.26198
791.5	0.26396
792.0	0.26526
792.5	0.26748
793.0	0.26644
793.5	0.27022
794.0	0.27218
794.5	0.27224
795.0	0.27134
795.5	0.27060
796.0	0.27084
796.5	0.27200
797.0	0.27402
797.5	0.27702
798.0	0.27758
798.5	0.27644
799.0	0.27802
799.5	0.27616
800.0	0.27702
800.5	0.27840
801.0	0.27926
801.5	0.28084
802.0	0.28052
802.5	0.28010
803.0	0.28192
803.5	0.28312
804.0	0.28516
804.5	0.28498
805.0	0.28288
805.5	0.28252
806.0	0.28172
806.5	0.28476
807.0	0.28516
807.5	0.28470
808.0	0.28528
808.5	0.28508
809.0	0.28488
809.5	0.28610
810.0	0.28904
810.5	0.28916
811.0	0.28712
811.5	0.28904
812.0	0.28928
812.5	0.28978
813.0	0.29104
813.5	0.29020
814.0	0.28840
814.5	0.28662
815.0	0.28714
815.5	0.28770
816.0	0.28786
816.5	0.28790
817.0	0.28840
817.5	0.28676
818.0	0.28724
818.5	0.28766
819.0	0.28932
819.5	0.28946
820.0	0.28658
820.5	0.28550
821.0	0.28522
821.5	0.28544
822.0	0.28692
822.5	0.28752
823.0	0.28614
823.5	0.28458
824.0	0.28434
824.5	0.28180
825.0	0.28452
825.5	0.28356
826.0	0.28296
826.5	0.27966
827.0	0.27964
827.5	0.28064
828.0	0.28084
828.5	0.28186
829.0	0.28064
829.5	0.27840
830.0	0.27808
830.5	0.27752
831.0	0.27718
831.5	0.27796
832.0	0.27742
832.5	0.27570
833.0	0.27530
833.5	0.27508
834.0	0.27340
834.5	0.27436
835.0	0.27234
835.5	0.26954
836.0	0.26896
836.5	0.26746
837.0	0.26794
837.5	0.26658
838.0	0.26582
838.5	0.26560
839.0	0.26456
839.5	0.26434
840.0	0.26266
840.5	0.26036
841.0	0.26150
841.5	0.26100
842.0	0.25822
842.5	0.25542
843.0	0.25340
843.5	0.25336
844.0	0.25390
844.5	0.25354
845.0	0.25096
845.5	0.24862
846.0	0.24742
846.5	0.24602
847.0	0.24540
847.5	0.24328
848.0	0.24134
848.5	0.24034
849.0	0.24070
849.5	0.24212
850.0	0.24274
850.5	0.24048
851.0	0.23718
851.5	0.23496
852.0	0.23566
852.5	0.23402
853.0	0.23480
853.5	0.23366
854.0	0.23126
854.5	0.23048
855.0	0.22830
855.5	0.22810
856.0	0.22572
856.5	0.22350
857.0	0.22102
857.5	0.21970
858.0	0.21688
858.5	0.21546
859.0	0.21430
859.5	0.21510
860.0	0.21282
860.5	0.21002
861.0	0.20886
861.5	0.20648
862.0	0.20760
862.5	0.20672
863.0	0.20406
863.5	0.20142
864.0	0.20002
864.5	0.20088
865.0	0.20050
865.5	0.20126
866.0	0.19828
866.5	0.19332
867.0	0.19204
867.5	0.19030
868.0	0.18840
868.5	0.18998
869.0	0.18778
869.5	0.18604
870.0	0.18314
870.5	0.17880
871.0	0.17662
871.5	0.17710
872.0	0.17510
872.5	0.17262
873.0	0.16976
873.5	0.16844
874.0	0.16874
874.5	0.16726
875.0	0.16638
875.5	0.16516
876.0	0.16382
876.5	0.16298
877.0	0.16060
877.5	0.15956
878.0	0.15718
878.5	0.15588
879.0	0.15192
879.5	0.14864
880.0	0.14972
880.5	0.14816
881.0	0.14788
881.5	0.14702
882.0	0.14572
882.5	0.14064
883.0	0.13792
883.5	0.13646
884.0	0.13840
884.5	0.13734
885.0	0.13694
885.5	0.13490
886.0	0.13482
886.5	0.13424
887.0	0.13270
887.5	0.13054
888.0	0.13028
888.5	0.12810
889.0	0.12706
889.5	0.12818
890.0	0.12826
890.5	0.12786
891.0	0.12646
891.5	0.12530
892.0	0.12218
892.5	0.12334
893.0	0.12302
893.5	0.12250
894.0	0.12010
894.5	0.11706
895.0	0.11598
895.5	0.11416
896.0	0.11416
896.5	0.11360
897.0	0.11110
897.5	0.10994
898.0	0.10904
898.5	0.10798
899.0	0.10908
899.5	0.11108
900.0	0.11186
900.5	0.10932
901.0	0.10830
901.5	0.10610
902.0	0.10216
902.5	0.10330
903.0	0.10228
903.5	0.10026
904.0	0.09868
904.5	0.09686
905.0	0.09834
905.5	0.09900
906.0	0.09862
906.5	0.09880
907.0	0.09656
907.5	0.09536
908.0	0.09774
908.5	0.09762
909.0	0.09678
909.5	0.09424
910.0	0.09400
910.5	0.09480
911.0	0.09362
911.5	0.09276
912.0	0.09454
912.5	0.09496
913.0	0.09142
913.5	0.09040
914.0	0.09068
914.5	0.09068
915.0	0.09100
915.5	0.09244
916.0	0.09174
916.5	0.08996
917.0	0.08958
917.5	0.09080
918.0	0.09150
918.5	0.09128
919.0	0.09032
919.5	0.08862
920.0	0.08966
920.5	0.09028
921.0	0.09158
921.5	0.09354
922.0	0.09202
922.5	0.09234
923.0	0.09320
923.5	0.09218
924.0	0.09330
924.5	0.09472
925.0	0.09564
925.5	0.09628
926.0	0.09506
926.5	0.09354
927.0	0.09524
927.5	0.09660
928.0	0.09434
928.5	0.09370
929.0	0.09354
929.5	0.09598
930.0	0.09536
930.5	0.09712
931.0	0.09888
931.5	0.09862
932.0	0.09842
932.5	0.10088
933.0	0.10338
933.5	0.10498
934.0	0.10558
934.5	0.10628
935.0	0.10850
935.5	0.11158
936.0	0.11318
936.5	0.11352
937.0	0.11334
937.5	0.11406
938.0	0.11436
938.5	0.11448
939.0	0.11598
939.5	0.11988
940.0	0.11976
940.5	0.12060
941.0	0.12302
941.5	0.12496
942.0	0.12504
942.5	0.12626
943.0	0.12860
943.5	0.13032
944.0	0.13074
944.5	0.13042
945.0	0.13268
945.5	0.13706
946.0	0.13636
946.5	0.13998
947.0	0.14084
947.5	0.14134
948.0	0.14290
948.5	0.14504
949.0	0.14768
949.5	0.14744
950.0	0.14926
950.5	0.15230
951.0	0.15328
951.5	0.15466
952.0	0.15816
952.5	0.15858
953.0	0.15860
953.5	0.16170
954.0	0.16288
954.5	0.16474
955.0	0.16674
955.5	0.16856
956.0	0.16652
956.5	0.16646
957.0	0.16922
957.5	0.17240
958.0	0.17536
958.5	0.17658
959.0	0.17738
959.5	0.18016
960.0	0.18310
960.5	0.18200
961.0	0.18280
961.5	0.18422
962.0	0.18440
962.5	0.18620
963.0	0.18738
963.5	0.19040
964.0	0.19110
964.5	0.19392
965.0	0.19554
965.5	0.19542
966.0	0.19562
966.5	0.19810
967.0	0.20156
967.5	0.20216
968.0	0.20354
968.5	0.20714
969.0	0.20970
969.5	0.21148
970.0	0.21274
970.5	0.21448
971.0	0.21898
971.5	0.21978
972.0	0.22282
972.5	0.22422
973.0	0.22586
973.5	0.22632
974.0	0.22968
974.5	0.23336
975.0	0.23066
975.5	0.23252
976.0	0.23562
976.5	0.23760
977.0	0.23806
977.5	0.23990
978.0	0.24396
978.5	0.24582
979.0	0.24826
979.5	0.24872
980.0	0.24970
980.5	0.25180
981.0	0.25282
981.5	0.25276
982.0	0.25684
982.5	0.25706
983.0	0.25792
983.5	0.26020
984.0	0.26046
984.5	0.26138
985.0	0.26380
985.5	0.26478
986.0	0.26570
986.5	0.26792
987.0	0.26936
987.5	0.27154
988.0	0.27294
988.5	0.27470
989.0	0.27484
989.5	0.27748
990.0	0.27890
990.5	0.27868
991.0	0.28014
991.5	0.27972
992.0	0.28162
992.5	0.28140
993.0	0.28300
993.5	0.28596
994.0	0.28722
994.5	0.28766
995.0	0.28884
995.5	0.28948
996.0	0.28964
996.5	0.29002
997.0	0.29330
997.5	0.29716
998.0	0.29844
998.5	0.29750
999.0	0.29852
999.5	0.29810
1000.0	0.30142
1000.5	0.30260
1001.0	0.30304
1001.5	0.30362
1002.0	0.30298
1002.5	0.30322
1003.0	0.30378
1003.5	0.30308
1004.0	0.30476
1004.5	0.30510
1005.0	0.30562
1005.5	0.30418
1006.0	0.30504
1006.5	0.30572
1007.0	0.30824
1007.5	0.30826
1008.0	0.30902
1008.5	0.30980
1009.0	0.30910
1009.5	0.30814
1010.0	0.30920
1010.5	0.30994
1011.0	0.31120
1011.5	0.31010
1012.0	0.30922
1012.5	0.31224
1013.0	0.31214
1013.5	0.31230
1014.0	0.31194
1014.5	0.31132
1015.0	0.31120
1015.5	0.31260
1016.0	0.31086
1016.5	0.31170
1017.0	0.31114
1017.5	0.31070
1018.0	0.31046
1018.5	0.31194
1019.0	0.31086
1019.5	0.31014
1020.0	0.30870
1020.5	0.30928
1021.0	0.30838
1021.5	0.30950
1022.0	0.30854
1022.5	0.31106
1023.0	0.31288
1023.5	0.31244
1024.0	0.31170
1024.5	0.30882
1025.0	0.30732
1025.5	0.30414
1026.0	0.30700
1026.5	0.30664
1027.0	0.30464
1027.5	0.30290
1028.0	0.30406
1028.5	0.30592
1029.0	0.30584
1029.5	0.30304
1030.0	0.30054
1030.5	0.30250
1031.0	0.30134
1031.5	0.30312
1032.0	0.29976
1032.5	0.29704
1033.0	0.29660
1033.5	0.29480
1034.0	0.29282
1034.5	0.29186
1035.0	0.29366
1035.5	0.29142
1036.0	0.28980
1036.5	0.29028
1037.0	0.29222
1037.5	0.29196
1038.0	0.29128
1038.5	0.28944
1039.0	0.28906
1039.5	0.28600
1040.0	0.28348
1040.5	0.28276
1041.0	0.28308
1041.5	0.28264
1042.0	0.28044
1042.5	0.27810
1043.0	0.27696
1043.5	0.27576
1044.0	0.27432
1044.5	0.27298
1045.0	0.26978
1045.5	0.26850
1046.0	0.26678
1046.5	0.26650
1047.0	0.26566
1047.5	0.26184
1048.0	0.26152
1048.5	0.25906
1049.0	0.25620
1049.5	0.25388
1050.0	0.25308
1050.5	0.24992
1051.0	0.24744
1051.5	0.24534
1052.0	0.24402
1052.5	0.24200
1053.0	0.24346
1053.5	0.24170
1054.0	0.24052
1054.5	0.23732
1055.0	0.23584
1055.5	0.23364
1056.0	0.23378
1056.5	0.23076
1057.0	0.22958
1057.5	0.22640
1058.0	0.22388
1058.5	0.22182
1059.0	0.22032
1059.5	0.21960
1060.0	0.21602
1060.5	0.21458
1061.0	0.21302
1061.5	0.21152
1062.0	0.21040
1062.5	0.20904
1063.0	0.20818
1063.5	0.20482
1064.0	0.20072
1064.5	0.19866
1065.0	0.19696
1065.5	0.19774
1066.0	0.19528
1066.5	0.19204
1067.0	0.19106
1067.5	0.18960
1068.0	0.18916
1068.5	0.18702
1069.0	0.18514
1069.5	0.18152
1070.0	0.17904
1070.5	0.17790
1071.0	0.17916
1071.5	0.17862
1072.0	0.17628
1072.5	0.17388
1073.0	0.17000
1073.5	0.16714
1074.0	0.16504
1074.5	0.16498
1075.0	0.16280
1075.5	0.15900
1076.0	0.15810
1076.5	0.15722
1077.0	0.15672
1077.5	0.15380
1078.0	0.15110
1078.5	0.15144
1079.0	0.14966
1079.5	0.14568
1080.0	0.14370
1080.5	0.14242
1081.0	0.14260
1081.5	0.14182
1082.0	0.14036
1082.5	0.13800
1083.0	0.13620
1083.5	0.13416
1084.0	0.13254
1084.5	0.13084
1085.0	0.12816
1085.5	0.12512
1086.0	0.12322
1086.5	0.12254
1087.0	0.12258
1087.5	0.12034
1088.0	0.11872
1088.5	0.11800
1089.0	0.11554
1089.5	0.11304
1090.0	0.11488
1090.5	0.11400
1091.0	0.11240
1091.5	0.10816
1092.0	0.10642
1092.5	0.10446
1093.0	0.10196
1093.5	0.10290
1094.0	0.10300
1094.5	0.10020
1095.0	0.09982
1095.5	0.09738
1096.0	0.09794
1096.5	0.09540
1097.0	0.09450
1097.5	0.09266
1098.0	0.09182
1098.5	0.09330
1099.0	0.09228
1099.5	0.09096
1100.0	0.08982
1100.5	0.08902
1101.0	0.08636
1101.5	0.08520
1102.0	0.08476
1102.5	0.08560
1103.0	0.08550
1103.5	0.08534
1104.0	0.08390
1104.5	0.08310
1105.0	0.08266
1105.5	0.08362
1106.0	0.08418
1106.5	0.08110
1107.0	0.07816
1107.5	0.07760
1108.0	0.07878
1108.5	0.07894
1109.0	0.07848
1109.5	0.07792
1110.0	0.07890
1110.5	0.07654
1111.0	0.07662
1111.5	0.07710
1112.0	0.07812
1112.5	0.07902
1113.0	0.07574
1113.5	0.07512
1114.0	0.07352
1114.5	0.07446
1115.0	0.07594
1115.5	0.07466
1116.0	0.07478
1116.5	0.07590
1117.0	0.07560
1117.5	0.07474
1118.0	0.07654
1118.5	0.07828
1119.0	0.07740
1119.5	0.07566
1120.0	0.07520
1120.5	0.07516
1121.0	0.07728
1121.5	0.07952
1122.0	0.07836
1122.5	0.07716
1123.0	0.07602
1123.5	0.07666
1124.0	0.07810
1124.5	0.07880
1125.0	0.07772
1125.5	0.07720
1126.0	0.07702
1126.5	0.07934
1127.0	0.08136
1127.5	0.08358
1128.0	0.08588
1128.5	0.08410
1129.0	0.08418
1129.5	0.08626
1130.0	0.08670
1130.5	0.08748
1131.0	0.08748
1131.5	0.08614
1132.0	0.08626
1132.5	0.08698
1133.0	0.09112
1133.5	0.09290
1134.0	0.09226
1134.5	0.09034
1135.0	0.09058
1135.5	0.09182
1136.0	0.09158
1136.5	0.09450
1137.0	0.09694
1137.5	0.09850
1138.0	0.09784
1138.5	0.09786
1139.0	0.10032
1139.5	0.10146
1140.0	0.10154
1140.5	0.10360
1141.0	0.10582
1141.5	0.10750
1142.0	0.10928
1142.5	0.10970
1143.0	0.11050
1143.5	0.11184
1144.0	0.10998
1144.5	0.11308
1145.0	0.11698
1145.5	0.11902
1146.0	0.12186
1146.5	0.12340
1147.0	0.12250
1147.5	0.12392
1148.0	0.12544
1148.5	0.12724
1149.0	0.13066
1149.5	0.13274
1150.0	0.13262
1150.5	0.13188
1151.0	0.13404
1151.5	0.13544
1152.0	0.13786
1152.5	0.13858
1153.0	0.13992
1153.5	0.14074
1154.0	0.14126
1154.5	0.14296
1155.0	0.14772
1155.5	0.14892
1156.0	0.15174
1156.5	0.15172
1157.0	0.15264
1157.5	0.15514
1158.0	0.15944
1158.5	0.16196
1159.0	0.16248
1159.5	0.16168
1160.0	0.16254
1160.5	0.16434
1161.0	0.16730
1161.5	0.17262
1162.0	0.17474
1162.5	0.17528
1163.0	0.17632
1163.5	0.17736
1164.0	0.17996
1164.5	0.18266
1165.0	0.18360
1165.5	0.18572
1166.0	0.18684
1166.5	0.18902
1167.0	0.19166
1167.5	0.19364
1168.0	0.19588
1168.5	0.19708
1169.0	0.19518
1169.5	0.19772
1170.0	0.20072
1170.5	0.20300
1171.0	0.20604
1171.5	0.20870
1172.0	0.21120
1172.5	0.21232
1173.0	0.21472
1173.5	0.21560
1174.0	0.21584
1174.5	0.21656
1175.0	0.21768
1175.5	0.22000
1176.0	0.22346
1176.5	0.22864
1177.0	0.23064
1177.5	0.23006
1178.0	0.23164
1178.5	0.23356
1179.0	0.23652
1179.5	0.23880
1180.0	0.24062
1180.5	0.24290
1181.0	0.24410
1181.5	0.24478
1182.0	0.24634
1182.5	0.25006
1183.0	0.25286
1183.5	0.25526
1184.0	0.25624
1184.5	0.25518
1185.0	0.25816
1185.5	0.25996
1186.0	0.26356
1186.5	0.26500
1187.0	0.26580
1187.5	0.26476
1188.0	0.26594
1188.5	0.26886
1189.0	0.27122
1189.5	0.27226
1190.0	0.27316
1190.5	0.27142
1191.0	0.27256
1191.5	0.27268
1192.0	0.27474
1192.5	0.27846
1193.0	0.27970
1193.5	0.28198
1194.0	0.28330
1194.5	0.28366
1195.0	0.28602
1195.5	0.28758
1196.0	0.28882
1196.5	0.28968
1197.0	0.29020
1197.5	0.29242
1198.0	0.29170
1198.5	0.29388
1199.0	0.29774
1199.5	0.29988
1200.0	0.29876
1200.5	0.29972
1201.0	0.30024
1201.5	0.30234
1202.0	0.30404
1202.5	0.30614
1203.0	0.30452
1203.5	0.30432
1204.0	0.30588
1204.5	0.30828
1205.0	0.30834
1205.5	0.30664
1206.0	0.30482
1206.5	0.30698
1207.0	0.31038
1207.5	0.31158
1208.0	0.31078
1208.5	0.31058
1209.0	0.30902
1209.5	0.31130
1210.0	0.31310
1210.5	0.31506
1211.0	0.31400
1211.5	0.31406
1212.0	0.31566
1212.5	0.31468
1213.0	0.31558
1213.5	0.31728
1214.0	0.31732
1214.5	0.31660
1215.0	0.31756
1215.5	0.31938
1216.0	0.31982
1216.5	0.32112
1217.0	0.32198
1217.5	0.32088
1218.0	0.31998
1218.5	0.32032
1219.0	0.31960
1219.5	0.32156
1220.0	0.32102
1220.5	0.31986
1221.0	0.31868
1221.5	0.31928
1222.0	0.31830
1222.5	0.31914
1223.0	0.32076
1223.5	0.32244
1224.0	0.32170
1224.5	0.31898
1225.0	0.31800
1225.5	0.31710
1226.0	0.31508
1226.5	0.31432
1227.0	0.31410
1227.5	0.31228
1228.0	0.30994
1228.5	0.31080
1229.0	0.31210
1229.5	0.31402
1230.0	0.31306
1230.5	0.31100
1231.0	0.30758
1231.5	0.30816
1232.0	0.30850
1232.5	0.30866
1233.0	0.30708
1233.5	0.30526
1234.0	0.30410
1234.5	0.30424
1235.0	0.30512
1235.5	0.30430
1236.0	0.30082
1236.5	0.30016
1237.0	0.29668
1237.5	0.29368
1238.0	0.29404
1238.5	0.29382
1239.0	0.29224
1239.5	0.29164
1240.0	0.29080
1240.5	0.28698
1241.0	0.28584
1241.5	0.28664
1242.0	0.28558
1242.5	0.28380
1243.0	0.28286
1243.5	0.28136
1244.0	0.28078
1244.5	0.28052
1245.0	0.27914
1245.5	0.27548
1246.0	0.27360
1246.5	0.27178
1247.0	0.26964
1247.5	0.26890
1248.0	0.26754
1248.5	0.26620
1249.0	0.26348
1249.5	0.26014
1250.0	0.25798
1250.5	0.25770
1251.0	0.25800
1251.5	0.25582
1252.0	0.25382
1252.5	0.25252
1253.0	0.24894
1253.5	0.24680
1254.0	0.24696
1254.5	0.24574
1255.0	0.24360
1255.5	0.24172
1256.0	0.23908
1256.5	0.23920
1257.0	0.23804
1257.5	0.23580
1258.0	0.23392
1258.5	0.23152
1259.0	0.22898
1259.5	0.22728
1260.0	0.22782
1260.5	0.22532
1261.0	0.22130
1261.5	0.21846
1262.0	0.21580
1262.5	0.21506
1263.0	0.21132
1263.5	0.20926
1264.0	0.20688
1264.5	0.20558
1265.0	0.20438
1265.5	0.20256
1266.0	0.20122
1266.5	0.20066
1267.0	0.19842
1267.5	0.19688
1268.0	0.19452
1268.5	0.19194
1269.0	0.19074
1269.5	0.18936
1270.0	0.18778
1270.5	0.18530
1271.0	0.18340
1271.5	0.18118
1272.0	0.17920
1272.5	0.17774
1273.0	0.17560
1273.5	0.17322
1274.0	0.16802
1274.5	0.16522
1275.0	0.16528
1275.5	0.16650
1276.0	0.16436
1276.5	0.16076
1277.0	0.15714
1277.5	0.15540
1278.0	0.15628
1278.5	0.15452
1279.0	0.15474
1279.5	0.15352
1280.0	0.14972
1280.5	0.14506
1281.0	0.14188
1281.5	0.14268
1282.0	0.14290
1282.5	0.14234
1283.0	0.13830
1283.5	0.13690
1284.0	0.13450
1284.5	0.13380
1285.0	0.13284
1285.5	0.13022
1286.0	0.12818
1286.5	0.12546
1287.0	0.12482
1287.5	0.12456
1288.0	0.12184
1288.5	0.12014
1289.0	0.11860
1289.5	0.11718
1290.0	0.11322
1290.5	0.11128
1291.0	0.11016
1291.5	0.10818
1292.0	0.10552
1292.5	0.10482
1293.0	0.10184
1293.5	0.10186
1294.0	0.10226
1294.5	0.10036
1295.0	0.09866
1295.5	0.09766
1296.0	0.09636
1296.5	0.09502
1297.0	0.09392
1297.5	0.09448
1298.0	0.09340
1298.5	0.09104
1299.0	0.08780
1299.5	0.08656
1300.0	0.08574
1300.5	0.08568
1301.0	0.08600
1301.5	0.08370
1302.0	0.08124
1302.5	0.08036
1303.0	0.07938
1303.5	0.07968
1304.0	0.07812
1304.5	0.07762
1305.0	0.07604
1305.5	0.07346
1306.0	0.07264
1306.5	0.07480
1307.0	0.07416
1307.5	0.07276
1308.0	0.06960
1308.5	0.06840
1309.0	0.06922
1309.5	0.06962
1310.0	0.06772
1310.5	0.06636
1311.0	0.06622
1311.5	0.06566
1312.0	0.06668
1312.5	0.06622
1313.0	0.06464
1313.5	0.06422
1314.0	0.06628
1314.5	0.06466
1315.0	0.06344
1315.5	0.06306
1316.0	0.06382
1316.5	0.06508
1317.0	0.06236
1317.5	0.05906
1318.0	0.05880
1318.5	0.06010
1319.0	0.06224
1319.5	0.06296
1320.0	0.06114
1320.5	0.05968
1321.0	0.06030
1321.5	0.06028
1322.0	0.05966
1322.5	0.05806
1323.0	0.05692
1323.5	0.05680
1324.0	0.05886
1324.5	0.06064
1325.0	0.06046
1325.5	0.06092
1326.0	0.06010
1326.5	0.05856
1327.0	0.06056
1327.5	0.06076
1328.0	0.06190
1328.5	0.06378
1329.0	0.06498
1329.5	0.06178
1330.0	0.06142
1330.5	0.06396
1331.0	0.06602
1331.5	0.06836
1332.0	0.06864
1332.5	0.06776
1333.0	0.06910
1333.5	0.07056
1334.0	0.07114
1334.5	0.07434
1335.0	0.07512
1335.5	0.07426
1336.0	0.07578
1336.5	0.07628
1337.0	0.07674
1337.5	0.07678
1338.0	0.07742
1338.5	0.07906
1339.0	0.08024
1339.5	0.08176
1340.0	0.08272
1340.5	0.08548
1341.0	0.08754
1341.5	0.09062
1342.0	0.09054
1342.5	0.09110
1343.0	0.09356
1343.5	0.09394
1344.0	0.09460
1344.5	0.09536
1345.0	0.09590
1345.5	0.09714
1346.0	0.09992
1346.5	0.10202
1347.0	0.10296
1347.5	0.10584
1348.0	0.10724
1348.5	0.10602
1349.0	0.10778
1349.5	0.11068
1350.0	0.11326
1350.5	0.11456
1351.0	0.11506
1351.5	0.11448
1352.0	0.11512
1352.5	0.11846
1353.0	0.12338
1353.5	0.12346
1354.0	0.12570
1354.5	0.12792
1355.0	0.12892
1355.5	0.13150
1356.0	0.13372
1356.5	0.13330
1357.0	0.13484
1357.5	0.13732
1358.0	0.14078
1358.5	0.14338
1359.0	0.14768
1359.5	0.14944
1360.0	0.15096
1360.5	0.15330
1361.0	0.15408
1361.5	0.15558
1362.0	0.15886
1362.5	0.16068
1363.0	0.16204
1363.5	0.16326
1364.0	0.16574
1364.5	0.16742
1365.0	0.16792
1365.5	0.16950
1366.0	0.17264
1366.5	0.17458
1367.0	0.17690
1367.5	0.17832
1368.0	0.18072
1368.5	0.18128
1369.0	0.18406
1369.5	0.18650
1370.0	0.18592
1370.5	0.18908
1371.0	0.19200
1371.5	0.19656
1372.0	0.20030
1372.5	0.20132
1373.0	0.20302
1373.5	0.20542
1374.0	0.20860
1374.5	0.21222
1375.0	0.21332
1375.5	0.21276
1376.0	0.21314
1376.5	0.21614
1377.0	0.21834
1377.5	0.21908
1378.0	0.22200
1378.5	0.22406
1379.0	0.22296
1379.5	0.22512
1380.0	0.22608
1380.5	0.22832
1381.0	0.23410
1381.5	0.23586
1382.0	0.23692
1382.5	0.23868
1383.0	0.24088
1383.5	0.24360
1384.0	0.24456
1384.5	0.24708
1385.0	0.24704
1385.5	0.24926
1386.0	0.25214
1386.5	0.25430
1387.0	0.25712
1387.5	0.26096
1388.0	0.26270
1388.5	0.26290
1389.0	0.26410
1389.5	0.26628
1390.0	0.26894
1390.5	0.27068
1391.0	0.27244
1391.5	0.27276
1392.0	0.27644
1392.5	0.27786
1393.0	0.27950
1393.5	0.27920
1394.0	0.28068
1394.5	0.28288
1395.0	0.28394
1395.5	0.28508
1396.0	0.28758
1396.5	0.28836
1397.0	0.29066
1397.5	0.29136
1398.0	0.29250
1398.5	0.29734
1399.0	0.29796
1399.5	0.29794
1400.0	0.29846
1400.5	0.29780
1401.0	0.29920
1401.5	0.30084
1402.0	0.30312
1402.5	0.30516
1403.0	0.30708
1403.5	0.30656
1404.0	0.30724
1404.5	0.30892
1405.0	0.31004
1405.5	0.31014
1406.0	0.31422
1406.5	0.31662
1407.0	0.31536
1407.5	0.31388
1408.0	0.31500
1408.5	0.31658
1409.0	0.31744
1409.5	0.31894
1410.0	0.31956
1410.5	0.32124
1411.0	0.32152
1411.5	0.32264
1412.0	0.32454
1412.5	0.32596
1413.0	0.32260
1413.5	0.32320
1414.0	0.32392
1414.5	0.32522
1415.0	0.32666
1415.5	0.32810
1416.0	0.32690
1416.5	0.32628
1417.0	0.32706
1417.5	0.32858
1418.0	0.32866
1418.5	0.32650
1419.0	0.32754
1419.5	0.32800
1420.0	0.32794
1420.5	0.33012
1421.0	0.33106
1421.5	0.33066
1422.0	0.32880
1422.5	0.32892
1423.0	0.32862
1423.5	0.32892
1424.0	0.32866
1424.5	0.33006
1425.0	0.32888
1425.5	0.32834
1426.0	0.32812
1426.5	0.32704
1427.0	0.32850
1427.5	0.33008
1428.0	0.32872
1428.5	0.32856
1429.0	0.32640
1429.5	0.32646
1430.0	0.32680
1430.5	0.32656
1431.0	0.32646
1431.5	0.32666
1432.0	0.32316
1432.5	0.32502
1433.0	0.32168
1433.5	0.32084
1434.0	0.31858
1434.5	0.32000
1435.0	0.32176
1435.5	0.32232
1436.0	0.32048
1436.5	0.31952
1437.0	0.31804
1437.5	0.31620
1438.0	0.31454
1438.5	0.31412
1439.0	0.31440
1439.5	0.31274
1440.0	0.31098
1440.5	0.31050
1441.0	0.31114
1441.5	0.30958
1442.0	0.30896
1442.5	0.30702
1443.0	0.30470
1443.5	0.30470
1444.0	0.30348
1444.5	0.30476
1445.0	0.30158
1445.5	0.29822
1446.0	0.29578
1446.5	0.29438
1447.0	0.29248
1447.5	0.29142
1448.0	0.28878
1448.5	0.28640
1449.0	0.28490
1449.5	0.28238
1450.0	0.28146
1450.5	0.28050
1451.0	0.27938
1451.5	0.27864
1452.0	0.27700
1452.5	0.27388
1453.0	0.27336
1453.5	0.27186
1454.0	0.26910
1454.5	0.26792
1455.0	0.26482
1455.5	0.26346
1456.0	0.26226
1456.5	0.25792
1457.0	0.25680
1457.5	0.25488
1458.0	0.25138
1458.5	0.24864
1459.0	0.24862
1459.5	0.24688
1460.0	0.24472
1460.5	0.24180
1461.0	0.24032
1461.5	0.23864
1462.0	0.23676
1462.5	0.23378
1463.0	0.23202
1463.5	0.23208
1464.0	0.22872
1464.5	0.22484
1465.0	0.22126
1465.5	0.21978
1466.0	0.21860
1466.5	0.21728
1467.0	0.21486
1467.5	0.21268
1468.0	0.20960
1468.5	0.20882
1469.0	0.20800
1469.5	0.20702
1470.0	0.20638
1470.5	0.20410
1471.0	0.20184
1471.5	0.19946
1472.0	0.19674
1472.5	0.19450
1473.0	0.19006
1473.5	0.18934
1474.0	0.18652
1474.5	0.18558
1475.0	0.18346
1475.5	0.18124
1476.0	0.17924
1476.5	0.17600
1477.0	0.17070
1477.5	0.16752
1478.0	0.16730
1478.5	0.16572
1479.0	0.16666
1479.5	0.16564
1480.0	0.16096
1480.5	0.15822
1481.0	0.15522
1481.5	0.15302
1482.0	0.15140
1482.5	0.14822
1483.0	0.14528
1483.5	0.14320
1484.0	0.14208
1484.5	0.13940
1485.0	0.13686
1485.5	0.13444
1486.0	0.13190
1486.5	0.12784
1487.0	0.12716
1487.5	0.12628
1488.0	0.12480
1488.5	0.12294
1489.0	0.12002
1489.5	0.11928
1490.0	0.11598
1490.5	0.11472
1491.0	0.11398
1491.5	0.11384
1492.0	0.11270
1492.5	0.10816
1493.0	0.10452
1493.5	0.10258
1494.0	0.10316
1494.5	0.10200
1495.0	0.09844
1495.5	0.09516
1496.0	0.09272
1496.5	0.09284
1497.0	0.09104
1497.5	0.09164
1498.0	0.09046
1498.5	0.08866
1499.0	0.08694
1499.5	0.08576
1500.0	0.08382
1500.5	0.08204
1501.0	0.08002
1501.5	0.07888
1502.0	0.07770
1502.5	0.07656
1503.0	0.07634
1503.5	0.07532
1504.0	0.07406
1504.5	0.07274
1505.0	0.07248
1505.5	0.07144
1506.0	0.07172
1506.5	0.07154
1507.0	0.07050
1507.5	0.06684
1508.0	0.06598
1508.5	0.06508
1509.0	0.06472
1509.5	0.06532
1510.0	0.06426
1510.5	0.06368
1511.0	0.06298
1511.5	0.06334
1512.0	0.06238
1512.5	0.06226
1513.0	0.06146
1513.5	0.06034
1514.0	0.05800
1514.5	0.05576
1515.0	0.05540
1515.5	0.05390
1516.0	0.05366
1516.5	0.05330
1517.0	0.05290
1517.5	0.05276
1518.0	0.05286
1518.5	0.05378
1519.0	0.05118
1519.5	0.04966
1520.0	0.04682
1520.5	0.04650
1521.0	0.04756
1521.5	0.05014
1522.0	0.04930
1522.5	0.05062
1523.0	0.05134
1523.5	0.04928
1524.0	0.04768
1524.5	0.04708
1525.0	0.04672
1525.5	0.04904
1526.0	0.04834
1526.5	0.04848
1527.0	0.04998
1527.5	0.05018
1528.0	0.04962
1528.5	0.05014
1529.0	0.05118
1529.5	0.05230
1530.0	0.05254
1530.5	0.05420
1531.0	0.05400
1531.5	0.05388
1532.0	0.05380
1532.5	0.05324
1533.0	0.05460
1533.5	0.05452
1534.0	0.05354
1534.5	0.05466
1535.0	0.05614
1535.5	0.05592
1536.0	0.05386
1536.5	0.05466
1537.0	0.05814
1537.5	0.05830
1538.0	0.05956
1538.5	0.05924
1539.0	0.06078
1539.5	0.05986
1540.0	0.06044
1540.5	0.06626
1541.0	0.07022
1541.5	0.07026
1542.0	0.07046
1542.5	0.07200
1543.0	0.07458
1543.5	0.07680
1544.0	0.07744
1544.5	0.07880
1545.0	0.07952
1545.5	0.08108
1546.0	0.08272
1546.5	0.08388
1547.0	0.08758
1547.5	0.08904
1548.0	0.09132
1548.5	0.09172
1549.0	0.09174
1549.5	0.09480
1550.0	0.09576
1550.5	0.09922
1551.0	0.10030
1551.5	0.10070
1552.0	0.10296
1552.5	0.10496
1553.0	0.10928
1553.5	0.11208
1554.0	0.11142
1554.5	0.11300
1555.0	0.11430
1555.5	0.11648
1556.0	0.11682
1556.5	0.11838
1557.0	0.11814
1557.5	0.11922
1558.0	0.12038
1558.5	0.12254
1559.0	0.12518
1559.5	0.12770
1560.0	0.13152
1560.5	0.13368
1561.0	0.13428
1561.5	0.13756
1562.0	0.14148
1562.5	0.14270
1563.0	0.14326
1563.5	0.14422
1564.0	0.14502
1564.5	0.14782
1565.0	0.15262
1565.5	0.15662
1566.0	0.16010
1566.5	0.15854
1567.0	0.15816
1567.5	0.15910
1568.0	0.16154
1568.5	0.16700
1569.0	0.17036
1569.5	0.17214
1570.0	0.17382
1570.5	0.17572
1571.0	0.17736
1571.5	0.17796
1572.0	0.18112
1572.5	0.18288
1573.0	0.18314
1573.5	0.18722
1574.0	0.18752
1574.5	0.18952
1575.0	0.19518
1575.5	0.19828
1576.0	0.19910
1576.5	0.20066
1577.0	0.20498
1577.5	0.20948
1578.0	0.21106
1578.5	0.21542
1579.0	0.21930
1579.5	0.21914
1580.0	0.22156
1580.5	0.22424
1581.0	0.22502
1581.5	0.22674
1582.0	0.22876
1582.5	0.23076
1583.0	0.23238
1583.5	0.23562
1584.0	0.23762
1584.5	0.23942
1585.0	0.24138
1585.5	0.24066
1586.0	0.24154
1586.5	0.24514
1587.0	0.24786
1587.5	0.25094
1588.0	0.25472
1588.5	0.25734
1589.0	0.25662
1589.5	0.25664
1590.0	0.26068
1590.5	0.26332
1591.0	0.26510
1591.5	0.26522
1592.0	0.26564
1592.5	0.27064
1593.0	0.27338
1593.5	0.27682
1594.0	0.27736
1594.5	0.27714
1595.0	0.27722
1595.5	0.27796
1596.0	0.28152
1596.5	0.28364
1597.0	0.28612
1597.5	0.28792
1598.0	0.28816
1598.5	0.28874
1599.0	0.29202
1599.5	0.29492
1600.0	0.29764
1600.5	0.29990
1601.0	0.29942
1601.5	0.30202
1602.0	0.30394
1602.5	0.30780
1603.0	0.31236
1603.5	0.31138
1604.0	0.31004
1604.5	0.30994
1605.0	0.31258
1605.5	0.31404
1606.0	0.31688
1606.5	0.31832
1607.0	0.31732
1607.5	0.31792
1608.0	0.31804
1608.5	0.32238
1609.0	0.32462
1609.5	0.32560
1610.0	0.32466
1610.5	0.32540
1611.0	0.32578
1611.5	0.32796
1612.0	0.32946
1612.5	0.32894
1613.0	0.32856
1613.5	0.32700
1614.0	0.33040
1614.5	0.33092
1615.0	0.33364
1615.5	0.33614
1616.0	0.33506
1616.5	0.33458
1617.0	0.33342
1617.5	0.33456
1618.0	0.33694
1618.5	0.33682
1619.0	0.33632
1619.5	0.33788
1620.0	0.33914
1620.5	0.34034
1621.0	0.34232
1621.5	0.34466
1622.0	0.34428
1622.5	0.34352
1623.0	0.34324
1623.5	0.34304
1624.0	0.34482
1624.5	0.34512
1625.0	0.34456
1625.5	0.34370
1626.0	0.34192
1626.5	0.34366
1627.0	0.34328
1627.5	0.34388
1628.0	0.34444
1628.5	0.34286
1629.0	0.34164
1629.5	0.34346
1630.0	0.34394
1630.5	0.34492
1631.0	0.34386
1631.5	0.34240
1632.0	0.34126
1632.5	0.34036
1633.0	0.34128
1633.5	0.34246
1634.0	0.34234
1634.5	0.33872
1635.0	0.33726
1635.5	0.33574
1636.0	0.33614
1636.5	0.33632
1637.0	0.33572
1637.5	0.33376
1638.0	0.33432
1638.5	0.33272
1639.0	0.33234
1639.5	0.33246
1640.0	0.33222
1640.5	0.33298
1641.0	0.33006
1641.5	0.32910
1642.0	0.32856
1642.5	0.32736
1643.0	0.32650
1643.5	0.32336
1644.0	0.32154
1644.5	0.32108
1645.0	0.32000
1645.5	0.32028
1646.0	0.31970
1646.5	0.31852
1647.0	0.31688
1647.5	0.31482
1648.0	0.31452
1648.5	0.31308
1649.0	0.31258
1649.5	0.30996
1650.0	0.30734
1650.5	0.30526
1651.0	0.30278
1651.5	0.30264
1652.0	0.30166
1652.5	0.29912
1653.0	0.29668
1653.5	0.29238
1654.0	0.28904
1654.5	0.29054
1655.0	0.28944
1655.5	0.28994
1656.0	0.28666
1656.5	0.28158
1657.0	0.27964
1657.5	0.27758
1658.0	0.27620
1658.5	0.27268
1659.0	0.27034
1659.5	0.26914
1660.0	0.26698
1660.5	0.26636
1661.0	0.26528
1661.5	0.26326
1662.0	0.26172
1662.5	0.25914
1663.0	0.25816
1663.5	0.25826
1664.0	0.25612
1664.5	0.25498
1665.0	0.25520
1665.5	0.25250
1666.0	0.24944
1666.5	0.24522
1667.0	0.24388
1667.5	0.24096
1668.0	0.23874
1668.5	0.23716
1669.0	0.23356
1669.5	0.23272
1670.0	0.23000
1670.5	0.22742
1671.0	0.22540
1671.5	0.21970
1672.0	0.21706
1672.5	0.21672
1673.0	0.21678
1673.5	0.21224
1674.0	0.20854
1674.5	0.20670
1675.0	0.20460
1675.5	0.20160
1676.0	0.19936
1676.5	0.19692
1677.0	0.19592
1677.5	0.19222
1678.0	0.18876
1678.5	0.18676
1679.0	0.18470
1679.5	0.18234
1680.0	0.18182
1680.5	0.17772
1681.0	0.17518
1681.5	0.17312
1682.0	0.17250
1682.5	0.17012
1683.0	0.16854
1683.5	0.16838
1684.0	0.16660
1684.5	0.16312
1685.0	0.16112
1685.5	0.16006
1686.0	0.15864
1686.5	0.15388
1687.0	0.15160
1687.5	0.14950
1688.0	0.14668
1688.5	0.14490
1689.0	0.14342
1689.5	0.14090
1690.0	0.13726
1690.5	0.13448
1691.0	0.13268
1691.5	0.13170
1692.0	0.12958
1692.5	0.12718
1693.0	0.12490
1693.5	0.12278
1694.0	0.11996
1694.5	0.11850
1695.0	0.11708
1695.5	0.11724
1696.0	0.11596
1696.5	0.11144
1697.0	0.11090
1697.5	0.10944
1698.0	0.10798
1698.5	0.10736
1699.0	0.10392
1699.5	0.10076
1700.0	0.10016
1700.5	0.10054
1701.0	0.09968
1701.5	0.09866
1702.0	0.09506
1702.5	0.09308
1703.0	0.09208
1703.5	0.08920
1704.0	0.08800
1704.5	0.08734
1705.0	0.08550
1705.5	0.08374
1706.0	0.08024
1706.5	0.07798
1707.0	0.07768
1707.5	0.07758
1708.0	0.07464
1708.5	0.07292
1709.0	0.07064
1709.5	0.07002
1710.0	0.06804
1710.5	0.07170
1711.0	0.07118
1711.5	0.06902
1712.0	0.06608
1712.5	0.06332
1713.0	0.06100
1713.5	0.06196
1714.0	0.06202
1714.5	0.06080
1715.0	0.05820
1715.5	0.05728
1716.0	0.05654
1716.5	0.05530
1717.0	0.05686
1717.5	0.05684
1718.0	0.05736
1718.5	0.05686
1719.0	0.05402
1719.5	0.05230
1720.0	0.05400
1720.5	0.05358
1721.0	0.05284
1721.5	0.05116
1722.0	0.04960
1722.5	0.05062
1723.0	0.04834
1723.5	0.04952
1724.0	0.05022
1724.5	0.04680
1725.0	0.04360
1725.5	0.04302
1726.0	0.04472
1726.5	0.04626
1727.0	0.04200
1727.5	0.04168
1728.0	0.04200
1728.5	0.04456
1729.0	0.04614
1729.5	0.04386
1730.0	0.04518
1730.5	0.04584
1731.0	0.04620
1731.5	0.04634
1732.0	0.04452
1732.5	0.04478
1733.0	0.04594
1733.5	0.04578
1734.0	0.04784
1734.5	0.04796
1735.0	0.04996
1735.5	0.05074
1736.0	0.05020
1736.5	0.05224
1737.0	0.05192
1737.5	0.05266
1738.0	0.05410
1738.5	0.05264
1739.0	0.05466
1739.5	0.05420
1740.0	0.05304
1740.5	0.05318
1741.0	0.05478
1741.5	0.05504
1742.0	0.05718
1742.5	0.05834
1743.0	0.05900
1743.5	0.05916
1744.0	0.06118
1744.5	0.06340
1745.0	0.06184
1745.5	0.06350
1746.0	0.06380
1746.5	0.06708
1747.0	0.06844
1747.5	0.06846
1748.0	0.06840
1748.5	0.07034
1749.0	0.07150
1749.5	0.07456
1750.0	0.07740
1750.5	0.07896
1751.0	0.08036
1751.5	0.08032
1752.0	0.08172
1752.5	0.08426
1753.0	0.08582
1753.5	0.08890
1754.0	0.08998
1754.5	0.08966
1755.0	0.09192
1755.5	0.09456
1756.0	0.09646
1756.5	0.09874
1757.0	0.10252
1757.5	0.10378
1758.0	0.10606
1758.5	0.10938
1759.0	0.11278
1759.5	0.11300
1760.0	0.11472
1760.5	0.11830
1761.0	0.12058
1761.5	0.12114
1762.0	0.12326
1762.5	0.12338
1763.0	0.12452
1763.5	0.12450
1764.0	0.12610
1764.5	0.12962
1765.0	0.13198
1765.5	0.13354
1766.0	0.13602
1766.5	0.13952
1767.0	0.14054
1767.5	0.14454
1768.0	0.14538
1768.5	0.14982
1769.0	0.15028
1769.5	0.15388
1770.0	0.15522
1770.5	0.16038
1771.0	0.16074
1771.5	0.16298
1772.0	0.16514
1772.5	0.16862
1773.0	0.16900
1773.5	0.17138
1774.0	0.17426
1774.5	0.17692
1775.0	0.18166
1775.5	0.18208
1776.0	0.18408
1776.5	0.18692
1777.0	0.18974
1777.5	0.19098
1778.0	0.19456
1778.5	0.19750
1779.0	0.20028
1779.5	0.20088
1780.0	0.20316
1780.5	0.20292
1781.0	0.20644
1781.5	0.20896
1782.0	0.21078
1782.5	0.21342
1783.0	0.21644
1783.5	0.22230
1784.0	0.22552
1784.5	0.22902
1785.0	0.23200
1785.5	0.23174
1786.0	0.23292
1786.5	0.23448
1787.0	0.23796
1787.5	0.24168
1788.0	0.24386
1788.5	0.24632
1789.0	0.24774
1789.5	0.25004
1790.0	0.25250
1790.5	0.25384
1791.0	0.25534
1791.5	0.25710
1792.0	0.26280
1792.5	0.26534
1793.0	0.26590
1793.5	0.27026
1794.0	0.27048
1794.5	0.27276
1795.0	0.27388
1795.5	0.27412
1796.0	0.27530
1796.5	0.27788
1797.0	0.28180
1797.5	0.28494
1798.0	0.28710
1798.5	0.28840
1799.0	0.28866
1799.5	0.29248
1800.0	0.29374
1800.5	0.29418
1801.0	0.29564
1801.5	0.29986
1802.0	0.30102
1802.5	0.30272
1803.0	0.30716
1803.5	0.30958
1804.0	0.31140
1804.5	0.31392
1805.0	0.31622
1805.5	0.31598
1806.0	0.31768
1806.5	0.31814
1807.0	0.31984
1807.5	0.32182
1808.0	0.32276
1808.5	0.32416
1809.0	0.32722
1809.5	0.32864
1810.0	0.32946
1810.5	0.32988
1811.0	0.33170
1811.5	0.33308
1812.0	0.33544
1812.5	0.33668
1813.0	0.33934
1813.5	0.33978
1814.0	0.33932
1814.5	0.33894
1815.0	0.34100
1815.5	0.34202
1816.0	0.34328
1816.5	0.34404
1817.0	0.34378
1817.5	0.34556
1818.0	0.34648
1818.5	0.34526
1819.0	0.34596
1819.5	0.34734
1820.0	0.34976
1820.5	0.35124
1821.0	0.34988
1821.5	0.34986
1822.0	0.35030
1822.5	0.35108
1823.0	0.35016
1823.5	0.35238
1824.0	0.35516
1824.5	0.35384
1825.0	0.35438
1825.5	0.35510
1826.0	0.35640
1826.5	0.35592
1827.0	0.35442
1827.5	0.35276
1828.0	0.35258
1828.5	0.35326
1829.0	0.35354
1829.5	0.35414
1830.0	0.35562
1830.5	0.35580
1831.0	0.35586
1831.5	0.35638
1832.0	0.35510
1832.5	0.35464
1833.0	0.35648
1833.5	0.35686
1834.0	0.35778
1834.5	0.35562
1835.0	0.35420
1835.5	0.35506
1836.0	0.35624
1836.5	0.35680
1837.0	0.35622
1837.5	0.35568
1838.0	0.35340
1838.5	0.35314
1839.0	0.35282
1839.5	0.35032
1840.0	0.34966
1840.5	0.35022
1841.0	0.34980
1841.5	0.34962
1842.0	0.34756
1842.5	0.34844
1843.0	0.34820
1843.5	0.34774
1844.0	0.34604
1844.5	0.34426
1845.0	0.34196
1845.5	0.34240
1846.0	0.34206
1846.5	0.33962
1847.0	0.33810
1847.5	0.33808
1848.0	0.33808
1848.5	0.33804
1849.0	0.33602
1849.5	0.33470
1850.0	0.33192
1850.5	0.32960
1851.0	0.32816
1851.5	0.32930
1852.0	0.32958
1852.5	0.32926
1853.0	0.32618
1853.5	0.32304
1854.0	0.32138
1854.5	0.31914
1855.0	0.31874
1855.5	0.31862
1856.0	0.31632
1856.5	0.31326
1857.0	0.31006
1857.5	0.30950
1858.0	0.30962
1858.5	0.30712
1859.0	0.30504
1859.5	0.30148
1860.0	0.30018
1860.5	0.29680
1861.0	0.29670
1861.5	0.29560
1862.0	0.29312
1862.5	0.29000
1863.0	0.28750
1863.5	0.28610
1864.0	0.28522
1864.5	0.28466
1865.0	0.28060
1865.5	0.27806
1866.0	0.27654
1866.5	0.27392
1867.0	0.27236
1867.5	0.26938
1868.0	0.26720
1868.5	0.26368
1869.0	0.25846
1869.5	0.25524
1870.0	0.25582
1870.5	0.25576
1871.0	0.25344
1871.5	0.24958
1872.0	0.24878
1872.5	0.24510
1873.0	0.24312
1873.5	0.24200
1874.0	0.24102
1874.5	0.23832
1875.0	0.23468
1875.5	0.23122
1876.0	0.22846
1876.5	0.22770
1877.0	0.22598
1877.5	0.22260
1878.0	0.22026
1878.5	0.21672
1879.0	0.21310
1879.5	0.21032
1880.0	0.20948
1880.5	0.20690
1881.0	0.20128
1881.5	0.20020
1882.0	0.19682
1882.5	0.19470
1883.0	0.19226
1883.5	0.18844
1884.0	0.18552
1884.5	0.18304
1885.0	0.18112
1885.5	0.17974
1886.0	0.17996
1886.5	0.17736
1887.0	0.17450
1887.5	0.17126
1888.0	0.17036
1888.5	0.16702
1889.0	0.16666
1889.5	0.16304
1890.0	0.15980
1890.5	0.15778
1891.0	0.15396
1891.5	0.15260
1892.0	0.15062
1892.5	0.14804
1893.0	0.14324
1893.5	0.14018
1894.0	0.13892
1894.5	0.13524
1895.0	0.13388
1895.5	0.13408
1896.0	0.13314
1896.5	0.12962
1897.0	0.12692
1897.5	0.12650
1898.0	0.12676
1898.5	0.12576
1899.0	0.12384
1899.5	0.11964
1900.0	0.11556
1900.5	0.11286
1901.0	0.11114
1901.5	0.11102
1902.0	0.10860
1902.5	0.10606
1903.0	0.10320
1903.5	0.10012
1904.0	0.09890
1904.5	0.09902
1905.0	0.09796
1905.5	0.09602
1906.0	0.09352
1906.5	0.08890
1907.0	0.08972
1907.5	0.09092
1908.0	0.08868
1908.5	0.08480
1909.0	0.08260
1909.5	0.08110
1910.0	0.08098
1910.5	0.07994
1911.0	0.07854
1911.5	0.07638
1912.0	0.07370
1912.5	0.07248
1913.0	0.07042
1913.5	0.06982
1914.0	0.06938
1914.5	0.06932
1915.0	0.06536
1915.5	0.06292
1916.0	0.06136
1916.5	0.06244
1917.0	0.06110
1917.5	0.05914
1918.0	0.05634
1918.5	0.05422
1919.0	0.05340
1919.5	0.05318
1920.0	0.05498
1920.5	0.05432
1921.0	0.05138
1921.5	0.04844
1922.0	0.04758
1922.5	0.04804
1923.0	0.04760
1923.5	0.04898
1924.0	0.04738
1924.5	0.04486
1925.0	0.04262
1925.5	0.04240
1926.0	0.04322
1926.5	0.04550
1927.0	0.04352
1927.5	0.04008
1928.0	0.03994
1928.5	0.04050
1929.0	0.04274
1929.5	0.04248
1930.0	0.04022
1930.5	0.03888
1931.0	0.04066
1931.5	0.04060
1932.0	0.03916
1932.5	0.03948
1933.0	0.04040
1933.5	0.04052
1934.0	0.03928
1934.5	0.04338
1935.0	0.04326
1935.5	0.04198
1936.0	0.03994
1936.5	0.04092
1937.0	0.03860
1937.5	0.03736
1938.0	0.03798
1938.5	0.04028
1939.0	0.04142
1939.5	0.04140
1940.0	0.04054
1940.5	0.04170
1941.0	0.04352
1941.5	0.04478
1942.0	0.04486
1942.5	0.04740
1943.0	0.04546
1943.5	0.04588
1944.0	0.04886
1944.5	0.05132
1945.0	0.04938
1945.5	0.04770
1946.0	0.05126
1946.5	0.05184
1947.0	0.05178
1947.5	0.05138
1948.0	0.05556
1948.5	0.05598
1949.0	0.05734
1949.5	0.05870
1950.0	0.06136
1950.5	0.06268
1951.0	0.06420
1951.5	0.06578
1952.0	0.06746
1952.5	0.06708
1953.0	0.07094
1953.5	0.07302
1954.0	0.07250
1954.5	0.07226
1955.0	0.07462
1955.5	0.07538
1956.0	0.07746
1956.5	0.07872
1957.0	0.08188
1957.5	0.08490
1958.0	0.08650
1958.5	0.08670
1959.0	0.08992
1959.5	0.09332
1960.0	0.09470
1960.5	0.09594
1961.0	0.09656
1961.5	0.09558
1962.0	0.09588
1962.5	0.10022
1963.0	0.10240
1963.5	0.10462
1964.0	0.10648
1964.5	0.10696
1965.0	0.10922
1965.5	0.11084
1966.0	0.11420
1966.5	0.11636
1967.0	0.11722
1967.5	0.11862
1968.0	0.12028
1968.5	0.12350
1969.0	0.12804
1969.5	0.13034
1970.0	0.13084
1970.5	0.13078
1971.0	0.13380
1971.5	0.13682
1972.0	0.14042
1972.5	0.14240
1973.0	0.14248
1973.5	0.14408
1974.0	0.14734
1974.5	0.15188
1975.0	0.15440
1975.5	0.15636
1976.0	0.16020
1976.5	0.16040
1977.0	0.16242
1977.5	0.16362
1978.0	0.16668
1978.5	0.16996
1979.0	0.17370
1979.5	0.17574
1980.0	0.17672
1980.5	0.17832
1981.0	0.18020
1981.5	0.18490
1982.0	0.18698
1982.5	0.18864
1983.0	0.19200
1983.5	0.19232
1984.0	0.19404
1984.5	0.19770
1985.0	0.20074
1985.5	0.20142
1986.0	0.20380
1986.5	0.20464
1987.0	0.20848
1987.5	0.21076
1988.0	0.21594
1988.5	0.21838
1989.0	0.21782
1989.5	0.21888
1990.0	0.22218
1990.5	0.22858
1991.0	0.23160
1991.5	0.23400
1992.0	0.23506
1992.5	0.23720
1993.0	0.23976
1993.5	0.24084
1994.0	0.24516
1994.5	0.24668
1995.0	0.24936
1995.5	0.25096
1996.0	0.25144
1996.5	0.25618
1997.0	0.25890
1997.5	0.26192
1998.0	0.26500
1998.5	0.26484
1999.0	0.26706
1999.5	0.26804
2000.0	0.27178
2000.5	0.27598
2001.0	0.27752
2001.5	0.28080
2002.0	0.28338
2002.5	0.28602
2003.0	0.28780
2003.5	0.29000
2004.0	0.29162
2004.5	0.29156
2005.0	0.29226
2005.5	0.29648
2006.0	0.29762
2006.5	0.29904
2007.0	0.30236
2007.5	0.30516
2008.0	0.30734
2008.5	0.30806
2009.0	0.31090
2009.5	0.31452
2010.0	0.31370
2010.5	0.31542
2011.0	0.31584
2011.5	0.31708
2012.0	0.31968
2012.5	0.32170
2013.0	0.32418
2013.5	0.32524
2014.0	0.32646
2014.5	0.32810
2015.0	0.32736
2015.5	0.33024
2016.0	0.33210
2016.5	0.33172
2017.0	0.33336
2017.5	0.33400
2018.0	0.33544
2018.5	0.33582
2019.0	0.33774
2019.5	0.33804
2020.0	0.33826
2020.5	0.33890
2021.0	0.33932
2021.5	0.34120
2022.0	0.34458
2022.5	0.34726
2023.0	0.34590
2023.5	0.34758
2024.0	0.34816
2024.5	0.34736
2025.0	0.34882
2025.5	0.35102
2026.0	0.35052
2026.5	0.35252
2027.0	0.35338
2027.5	0.35288
2028.0	0.35646
2028.5	0.35578
2029.0	0.35510
2029.5	0.35502
2030.0	0.35626
2030.5	0.35610
2031.0	0.35708
2031.5	0.35768
2032.0	0.35810
2032.5	0.35818
2033.0	0.35836
2033.5	0.35800
2034.0	0.35778
2034.5	0.35732
2035.0	0.35698
2035.5	0.35716
2036.0	0.35842
2036.5	0.35644
2037.0	0.35702
2037.5	0.35818
2038.0	0.36112
2038.5	0.35974
2039.0	0.35636
2039.5	0.35552
2040.0	0.35592
2040.5	0.35858
2041.0	0.36082
2041.5	0.35992
2042.0	0.35772
2042.5	0.35600
2043.0	0.35588
2043.5	0.35608
2044.0	0.35632
2044.5	0.35656
2045.0	0.35628
2045.5	0.35532
2046.0	0.35416
2046.5	0.35302
2047.0	0.35166
2047.5	0.35236
2048.0	0.35038
2048.5	0.34846
2049.0	0.34728
2049.5	0.34752
2050.0	0.34680
2050.5	0.34610
2051.0	0.34344
2051.5	0.34114
2052.0	0.33926
2052.5	0.33730
2053.0	0.33940
2053.5	0.33764
2054.0	0.33500
2054.5	0.33332
2055.0	0.33208
2055.5	0.33230
2056.0	0.33168
2056.5	0.32972
2057.0	0.33034
2057.5	0.32582
2058.0	0.32392
2058.5	0.32264
2059.0	0.32106
2059.5	0.31898
2060.0	0.31684
2060.5	0.31516
2061.0	0.31430
2061.5	0.31156
2062.0	0.31182
2062.5	0.30944
2063.0	0.30766
2063.5	0.30266
2064.0	0.30088
2064.5	0.30004
2065.0	0.29984
2065.5	0.29840
2066.0	0.29480
2066.5	0.29008
2067.0	0.28878
2067.5	0.28828
2068.0	0.28670
2068.5	0.28270
2069.0	0.28004
2069.5	0.27814
2070.0	0.27606
2070.5	0.27438
2071.0	0.27284
2071.5	0.27218
2072.0	0.26798
2072.5	0.26592
2073.0	0.26058
2073.5	0.26064
2074.0	0.25824
2074.5	0.25736
2075.0	0.25344
2075.5	0.25144
2076.0	0.24770
2076.5	0.24444
2077.0	0.24312
2077.5	0.24150
2078.0	0.24080
2078.5	0.23864
2079.0	0.23494
2079.5	0.23258
2080.0	0.22830
2080.5	0.22704
2081.0	0.22566
2081.5	0.22428
2082.0	0.22218
2082.5	0.21838
2083.0	0.21548
2083.5	0.21316
2084.0	0.21060
2084.5	0.20936
2085.0	0.20528
2085.5	0.20464
2086.0	0.20270
2086.5	0.19962
2087.0	0.19748
2087.5	0.19402
2088.0	0.19194
2088.5	0.18818
2089.0	0.18592
2089.5	0.18318
2090.0	0.18334
2090.5	0.18058
2091.0	0.17754
2091.5	0.17430
2092.0	0.17180
2092.5	0.17008
2093.0	0.16978
2093.5	0.16828
2094.0	0.16518
2094.5	0.16300
2095.0	0.16032
2095.5	0.15624
2096.0	0.15404
2096.5	0.15290
2097.0	0.14958
2097.5	0.14682
2098.0	0.14392
2098.5	0.14206
2099.0	0.13898
2099.5	0.13924
2100.0	0.13690
2100.5	0.13464
2101.0	0.13256
2101.5	0.12968
2102.0	0.12982
2102.5	0.12854
2103.0	0.12402
2103.5	0.12138
2104.0	0.11860
2104.5	0.11640
2105.0	0.11458
2105.5	0.11166
2106.0	0.11012
2106.5	0.10800
2107.0	0.10372
2107.5	0.10136
2108.0	0.09958
2108.5	0.09990
2109.0	0.09612
2109.5	0.09160
2110.0	0.08886
2110.5	0.08748
2111.0	0.08716
2111.5	0.08664
2112.0	0.08598
2112.5	0.08152
2113.0	0.07852
2113.5	0.07760
2114.0	0.07670
2114.5	0.07662
2115.0	0.07444
2115.5	0.07294
2116.0	0.06980
2116.5	0.06818
2117.0	0.06626
2117.5	0.06610
2118.0	0.06226
2118.5	0.06058
2119.0	0.05864
2119.5	0.05746
2120.0	0.05790
2120.5	0.05784
2121.0	0.05708
2121.5	0.05638
2122.0	0.05402
2122.5	0.05168
2123.0	0.04974
2123.5	0.05074
2124.0	0.05052
2124.5	0.05068
2125.0	0.04948
2125.5	0.04502
2126.0	0.04478
2126.5	0.04474
2127.0	0.04378
2127.5	0.04466
2128.0	0.04158
2128.5	0.03970
2129.0	0.03880
2129.5	0.03858
2130.0	0.03836
2130.5	0.03798
2131.0	0.03784
2131.5	0.03622
2132.0	0.03414
2132.5	0.03442
2133.0	0.03418
2133.5	0.03532
2134.0	0.03498
2134.5	0.03434
2135.0	0.03382
2135.5	0.03388
2136.0	0.03440
2136.5	0.03396
2137.0	0.03246
2137.5	0.03224
2138.0	0.03204
2138.5	0.03160
2139.0	0.03280
2139.5	0.03268
2140.0	0.03448
2140.5	0.03336
2141.0	0.03330
2141.5	0.03220
2142.0	0.03452
2142.5	0.03490
2143.0	0.03494
2143.5	0.03152
2144.0	0.03106
2144.5	0.03386
2145.0	0.03344
2145.5	0.03482
2146.0	0.03528
2146.5	0.03500
2147.0	0.03470
2147.5	0.03526
2148.0	0.03604
2148.5	0.03928
2149.0	0.04098
2149.5	0.04152
2150.0	0.04014
2150.5	0.04220
2151.0	0.04372
2151.5	0.04460
2152.0	0.04494
2152.5	0.04480
2153.0	0.04444
2153.5	0.04758
2154.0	0.04966
2154.5	0.05130
2155.0	0.05186
2155.5	0.05326
2156.0	0.05558
2156.5	0.05764
2157.0	0.06036
2157.5	0.06146
2158.0	0.06238
2158.5	0.06306
2159.0	0.06430
2159.5	0.06298
2160.0	0.06634
2160.5	0.06832
2161.0	0.06882
2161.5	0.06908
2162.0	0.07056
2162.5	0.07318
2163.0	0.07434
2163.5	0.07586
2164.0	0.07676
2164.5	0.07726
2165.0	0.07932
2165.5	0.08024
2166.0	0.08412
2166.5	0.08614
2167.0	0.08910
2167.5	0.08966
2168.0	0.08998
2168.5	0.09286
2169.0	0.09586
2169.5	0.09774
2170.0	0.10042
2170.5	0.10214
2171.0	0.10536
2171.5	0.10872
2172.0	0.11052
2172.5	0.11394
2173.0	0.11698
2173.5	0.11910
2174.0	0.11968
2174.5	0.12170
2175.0	0.12576
2175.5	0.12734
2176.0	0.13136
2176.5	0.13124
2177.0	0.13240
2177.5	0.13382
2178.0	0.13684
2178.5	0.14066
2179.0	0.14420
2179.5	0.14506
2180.0	0.14616
2180.5	0.14814
2181.0	0.15162
2181.5	0.15584
2182.0	0.15956
2182.5	0.16100
2183.0	0.16190
2183.5	0.16288
2184.0	0.16514
2184.5	0.16882
2185.0	0.17256
2185.5	0.17518
2186.0	0.17740
2186.5	0.17976
2187.0	0.18278
2187.5	0.18658
2188.0	0.18904
2188.5	0.19208
2189.0	0.19580
2189.5	0.19630
2190.0	0.19774
2190.5	0.20132
2191.0	0.20252
2191.5	0.20490
2192.0	0.20800
2192.5	0.21062
2193.0	0.21354
2193.5	0.21718
2194.0	0.22146
2194.5	0.22542
2195.0	0.22548
2195.5	0.22560
2196.0	0.22656
2196.5	0.22892
2197.0	0.23178
2197.5	0.23618
2198.0	0.23946
2198.5	0.24050
2199.0	0.24388
2199.5	0.24626
2200.0	0.24930
2200.5	0.25286
2201.0	0.25456
2201.5	0.25558
2202.0	0.25724
2202.5	0.25872
2203.0	0.26206
2203.5	0.26744
2204.0	0.26930
2204.5	0.27118
2205.0	0.27348
2205.5	0.27674
2206.0	0.27910
2206.5	0.28284
2207.0	0.28524
2207.5	0.28780
2208.0	0.29026
2208.5	0.29148
2209.0	0.29186
2209.5	0.29426
2210.0	0.29650
2210.5	0.29702
2211.0	0.29754
2211.5	0.29998
2212.0	0.30336
2212.5	0.30552
2213.0	0.30734
2213.5	0.30986
2214.0	0.31048
2214.5	0.31136
2215.0	0.31450
2215.5	0.31856
2216.0	0.32136
2216.5	0.32256
2217.0	0.32248
2217.5	0.32434
2218.0	0.32630
2218.5	0.32646
2219.0	0.32832
2219.5	0.33044
2220.0	0.33212
2220.5	0.33184
2221.0	0.33264
2221.5	0.33478
2222.0	0.33600
2222.5	0.33728
2223.0	0.33854
2223.5	0.33986
2224.0	0.34024
2224.5	0.34326
2225.0	0.34648
2225.5	0.34882
2226.0	0.35022
2226.5	0.35006
2227.0	0.34976
2227.5	0.35078
2228.0	0.35292
2228.5	0.35394
2229.0	0.35520
2229.5	0.35324
2230.0	0.35234
2230.5	0.35336
2231.0	0.35596
2231.5	0.35774
2232.0	0.35834
2232.5	0.36098
2233.0	0.35930
2233.5	0.35878
2234.0	0.35976
2234.5	0.36246
2235.0	0.36262
2235.5	0.36366
2236.0	0.36476
2236.5	0.36692
2237.0	0.36916
2237.5	0.37016
2238.0	0.37108
2238.5	0.36926
2239.0	0.36750
2239.5	0.36772
2240.0	0.36646
2240.5	0.36750
2241.0	0.36886
2241.5	0.36724
2242.0	0.36654
2242.5	0.36568
2243.0	0.36736
2243.5	0.36744
2244.0	0.36812
2244.5	0.36790
2245.0	0.36620
2245.5	0.36422
2246.0	0.36590
2246.5	0.36716
2247.0	0.36728
2247.5	0.36612
2248.0	0.36014
2248.5	0.35818
2249.0	0.35840
2249.5	0.36126
2250.0	0.36156
2250.5	0.35924
2251.0	0.35896
2251.5	0.35884
2252.0	0.35738
2252.5	0.35642
2253.0	0.35472
2253.5	0.35466
2254.0	0.35508
2254.5	0.35298
2255.0	0.35200
2255.5	0.35140
2256.0	0.35168
2256.5	0.35240
2257.0	0.35246
2257.5	0.34950
2258.0	0.34668
2258.5	0.34596
2259.0	0.34684
2259.5	0.34646
2260.0	0.34198
2260.5	0.33846
2261.0	0.33606
2261.5	0.33500
2262.0	0.33412
2262.5	0.33376
2263.0	0.33164
2263.5	0.32692
2264.0	0.32580
2264.5	0.32554
2265.0	0.32350
2265.5	0.32346
2266.0	0.31972
2266.5	0.31514
2267.0	0.31300
2267.5	0.31170
2268.0	0.31034
2268.5	0.30970
2269.0	0.30832
2269.5	0.30636
2270.0	0.30344
2270.5	0.30060
2271.0	0.29922
2271.5	0.29988
2272.0	0.29532
2272.5	0.29036
2273.0	0.28782
2273.5	0.28600
2274.0	0.28506
2274.5	0.28428
2275.0	0.28240
2275.5	0.28012
2276.0	0.27898
2276.5	0.27686
2277.0	0.27350
2277.5	0.27322
2278.0	0.26954
2278.5	0.26566
2279.0	0.26240
2279.5	0.26024
2280.0	0.25872
2280.5	0.25902
2281.0	0.25642
2281.5	0.25134
2282.0	0.24836
2282.5	0.24608
2283.0	0.24394
2283.5	0.24298
2284.0	0.24156
2284.5	0.23862
2285.0	0.23370
2285.5	0.22848
2286.0	0.22770
2286.5	0.22666
2287.0	0.22604
2287.5	0.22422
2288.0	0.22130
2288.5	0.21620
2289.0	0.21178
2289.5	0.21082
2290.0	0.20906
2290.5	0.20722
2291.0	0.20454
2291.5	0.20122
2292.0	0.19866
2292.5	0.19482
2293.0	0.19224
2293.5	0.19046
2294.0	0.18644
2294.5	0.18424
2295.0	0.18146
2295.5	0.17990
2296.0	0.17794
2296.5	0.17538
2297.0	0.17172
2297.5	0.16820
2298.0	0.16622
2298.5	0.16312
2299.0	0.16188
2299.5	0.15840
2300.0	0.15498
2300.5	0.15218
2301.0	0.14946
2301.5	0.14776
2302.0	0.14584
2302.5	0.14526
2303.0	0.14404
2303.5	0.14040
2304.0	0.13726
2304.5	0.13582
2305.0	0.13314
2305.5	0.13234
2306.0	0.13036
2306.5	0.12806
2307.0	0.12464
2307.5	0.12244
2308.0	0.11982
2308.5	0.11808
2309.0	0.11682
2309.5	0.11558
2310.0	0.11296
2310.5	0.10960
2311.0	0.10802
2311.5	0.10650
2312.0	0.10536
2312.5	0.10156
2313.0	0.09784
2313.5	0.09538
2314.0	0.09476
2314.5	0.09450
2315.0	0.09306
2315.5	0.08960
2316.0	0.08812
2316.5	0.08700
2317.0	0.08458
2317.5	0.08496
2318.0	0.08458
2318.5	0.08338
2319.0	0.07908
2319.5	0.07690
2320.0	0.07540
2320.5	0.07456
2321.0	0.07308
2321.5	0.07264
2322.0	0.07122
2322.5	0.06894
2323.0	0.06766
2323.5	0.06674
2324.0	0.06990
2324.5	0.06860
2325.0	0.06540
2325.5	0.06074
2326.0	0.05926
2326.5	0.05840
2327.0	0.05816
2327.5	0.05780
2328.0	0.05492
2328.5	0.05476
2329.0	0.05296
2329.5	0.05336
2330.0	0.05164
2330.5	0.05156
2331.0	0.05176
2331.5	0.04946
2332.0	0.04666
2332.5	0.04624
2333.0	0.04552
2333.5	0.04724
2334.0	0.04634
2334.5	0.04422
2335.0	0.04300
2335.5	0.04206
2336.0	0.04138
2336.5	0.04308
2337.0	0.04364
2337.5	0.04226
2338.0	0.04062
2338.5	0.03852
2339.0	0.03846
2339.5	0.03982
2340.0	0.03948
2340.5	0.03782
2341.0	0.03836
2341.5	0.03828
2342.0	0.03666
2342.5	0.03580
2343.0	0.03708
2343.5	0.03676
2344.0	0.03698
2344.5	0.03758
2345.0	0.03890
2345.5	0.03750
2346.0	0.03878
2346.5	0.04100
2347.0	0.03968
2347.5	0.03882
2348.0	0.03980
2348.5	0.04098
2349.0	0.04206
2349.5	0.04154
2350.0	0.04118
2350.5	0.04234
2351.0	0.04288
2351.5	0.04378
2352.0	0.04652
2352.5	0.04814
2353.0	0.04684
2353.5	0.04852
2354.0	0.04890
2354.5	0.04884
2355.0	0.05074
2355.5	0.05074
2356.0	0.05212
2356.5	0.05248
2357.0	0.05210
2357.5	0.05556
2358.0	0.05768
2358.5	0.05700
2359.0	0.05888
2359.5	0.05942
2360.0	0.05984
2360.5	0.06000
2361.0	0.06326
2361.5	0.06568
2362.0	0.06728
2362.5	0.06700
2363.0	0.06918
2363.5	0.07106
2364.0	0.07448
2364.5	0.07596
2365.0	0.07828
2365.5	0.07802
2366.0	0.07780
2366.5	0.07930
2367.0	0.08290
2367.5	0.08658
2368.0	0.08914
2368.5	0.08894
2369.0	0.08864
2369.5	0.09124
2370.0	0.09510
2370.5	0.10058
2371.0	0.10272
2371.5	0.10372
2372.0	0.10456
2372.5	0.10438
2373.0	0.10714
2373.5	0.11314
2374.0	0.11528
2374.5	0.11338
2375.0	0.11314
2375.5	0.11582
2376.0	0.11842
2376.5	0.12178
2377.0	0.12414
2377.5	0.12568
2378.0	0.12800
2378.5	0.12876
2379.0	0.12848
2379.5	0.13260
2380.0	0.13658
2380.5	0.13916
2381.0	0.14132
2381.5	0.13998
2382.0	0.14302
2382.5	0.14848
2383.0	0.15060
2383.5	0.15340
2384.0	0.15512
2384.5	0.15520
2385.0	0.15764
2385.5	0.16210
2386.0	0.16502
2386.5	0.16872
2387.0	0.16980
2387.5	0.16716
2388.0	0.16850
2388.5	0.17364
2389.0	0.18046
2389.5	0.18472
2390.0	0.18660
2390.5	0.18740
2391.0	0.18828
2391.5	0.18994
2392.0	0.19554
2392.5	0.19930
2393.0	0.20276
2393.5	0.20420
2394.0	0.20424
2394.5	0.20758
2395.0	0.21208
2395.5	0.21460
2396.0	0.21654
2396.5	0.21640
2397.0	0.21778
2397.5	0.22162
2398.0	0.22454
2398.5	0.22744
2399.0	0.23204
2399.5	0.23512
2400.0	0.23654
2400.5	0.23650
2401.0	0.24150
2401.5	0.24486
2402.0	0.24586
2402.5	0.24548
2403.0	0.24820
2403.5	0.24828
2404.0	0.25216
2404.5	0.25634
2405.0	0.25680
2405.5	0.26068
2406.0	0.26164
2406.5	0.26518
2407.0	0.26768
2407.5	0.27142
2408.0	0.27542
2408.5	0.27634
2409.0	0.27608
2409.5	0.27732
2410.0	0.28126
2410.5	0.28576
2411.0	0.28992
2411.5	0.29024
2412.0	0.29066
2412.5	0.29202
2413.0	0.29284
2413.5	0.29790
2414.0	0.30134
2414.5	0.30126
2415.0	0.30212
2415.5	0.30340
2416.0	0.30740
2416.5	0.31152
2417.0	0.31358
2417.5	0.31292
2418.0	0.31290
2418.5	0.31318
2419.0	0.31674
2419.5	0.32070
2420.0	0.32448
2420.5	0.32578
2421.0	0.32492
2421.5	0.32692
2422.0	0.32778
2422.5	0.32904
2423.0	0.33272
2423.5	0.33540
2424.0	0.33462
2424.5	0.33732
2425.0	0.33628
2425.5	0.33908
2426.0	0.34282
2426.5	0.34412
2427.0	0.34492
2427.5	0.34534
2428.0	0.34526
2428.5	0.34730
2429.0	0.34996
2429.5	0.35086
2430.0	0.35000
2430.5	0.34948
2431.0	0.34998
2431.5	0.35170
2432.0	0.35468
2432.5	0.35796
2433.0	0.35984
2433.5	0.35900
2434.0	0.35900
2434.5	0.36136
2435.0	0.36148
2435.5	0.36334
2436.0	0.36456
2436.5	0.36398
2437.0	0.36446
2437.5	0.36390
2438.0	0.36562
2438.5	0.36792
2439.0	0.36810
2439.5	0.36880
2440.0	0.36800
2440.5	0.36716
2441.0	0.36792
2441.5	0.36874
2442.0	0.36826
2442.5	0.36802
2443.0	0.36730
2443.5	0.36574
2444.0	0.36620
2444.5	0.36750
2445.0	0.36626
2445.5	0.36626
2446.0	0.36650
2446.5	0.36652
2447.0	0.36522
2447.5	0.36568
2448.0	0.36634
2448.5	0.36418
2449.0	0.36370
2449.5	0.36298
2450.0	0.36242
2450.5	0.36588
2451.0	0.36524
2451.5	0.36330
2452.0	0.36078
2452.5	0.35990
2453.0	0.35994
2453.5	0.35746
2454.0	0.35666
2454.5	0.35652
2455.0	0.35452
2455.5	0.35138
2456.0	0.35150
2456.5	0.35458
2457.0	0.35470
2457.5	0.35452
2458.0	0.35238
2458.5	0.34790
2459.0	0.34628
2459.5	0.34756
2460.0	0.34800
2460.5	0.34816
2461.0	0.34580
2461.5	0.34298
2462.0	0.33962
2462.5	0.33776
2463.0	0.33752
2463.5	0.33678
2464.0	0.33372
2464.5	0.33196
2465.0	0.32948
2465.5	0.32842
2466.0	0.32994
2466.5	0.32844
2467.0	0.32806
2467.5	0.32288
2468.0	0.31954
2468.5	0.31756
2469.0	0.31640
2469.5	0.31582
2470.0	0.31326
2470.5	0.31136
2471.0	0.30888
2471.5	0.30494
2472.0	0.30508
2472.5	0.30620
2473.0	0.30362
2473.5	0.30062
2474.0	0.29522
2474.5	0.29300
2475.0	0.29266
2475.5	0.29434
2476.0	0.29234
2476.5	0.29042
2477.0	0.28512
2477.5	0.28240
2478.0	0.28200
2478.5	0.28160
2479.0	0.27912
2479.5	0.27760
2480.0	0.27174
2480.5	0.26698
2481.0	0.26486
2481.5	0.26526
2482.0	0.26632
2482.5	0.26264
2483.0	0.25814
2483.5	0.25412
2484.0	0.25120
2484.5	0.25138
2485.0	0.25082
2485.5	0.24714
2486.0	0.24190
2486.5	0.23708
2487.0	0.23390
2487.5	0.23354
2488.0	0.23338
2488.5	0.23174
2489.0	0.22834
2489.5	0.22488
2490.0	0.22116
2490.5	0.21944
2491.0	0.21820
2491.5	0.21550
2492.0	0.21274
2492.5	0.20890
2493.0	0.20430
2493.5	0.20330
2494.0	0.20198
2494.5	0.20072
2495.0	0.19850
2495.5	0.19548
2496.0	0.19098
2496.5	0.18968
2497.0	0.18898
2497.5	0.18714
2498.0	0.18300
2498.5	0.17858
2499.0	0.17420
2499.5	0.17140
2500.0	0.17164
2500.5	0.17050
2501.0	0.16792
2501.5	0.16496
2502.0	0.16146
2502.5	0.16014
2503.0	0.15790
2503.5	0.15648
2504.0	0.15280
2504.5	0.15014
2505.0	0.14544
2505.5	0.14282
2506.0	0.14304
2506.5	0.14184
2507.0	0.13948
2507.5	0.13734
2508.0	0.13556
2508.5	0.13304
2509.0	0.13050
2509.5	0.12902
2510.0	0.12702
2510.5	0.12214
2511.0	0.11712
2511.5	0.11606
2512.0	0.11450
2512.5	0.11278
2513.0	0.11260
2513.5	0.10966
2514.0	0.10594
2514.5	0.10218
2515.0	0.10080
2515.5	0.10098
2516.0	0.09878
2516.5	0.09826
2517.0	0.09730
2517.5	0.09434
2518.0	0.09240
2518.5	0.08970
2519.0	0.08742
2519.5	0.08718
2520.0	0.08572
2520.5	0.08154
2521.0	0.07922
2521.5	0.07876
2522.0	0.07942
2522.5	0.07928
2523.0	0.07646
2523.5	0.07366
2524.0	0.07260
2524.5	0.07110
2525.0	0.07050
2525.5	0.07190
2526.0	0.07008
2526.5	0.06600
2527.0	0.06288
2527.5	0.06210
2528.0	0.06042
2528.5	0.05898
2529.0	0.05900
2529.5	0.05720
2530.0	0.05542
2530.5	0.05560
2531.0	0.05644
2531.5	0.05742
2532.0	0.05604
2532.5	0.05266
2533.0	0.04936
2533.5	0.04946
2534.0	0.04930
2534.5	0.04824
2535.0	0.04732
2535.5	0.04390
2536.0	0.04436
2536.5	0.04444
2537.0	0.04404
2537.5	0.04448
2538.0	0.04416
2538.5	0.04276
2539.0	0.04222
2539.5	0.04212
2540.0	0.04210
2540.5	0.04326
2541.0	0.04144
2541.5	0.03988
2542.0	0.03884
2542.5	0.03890
2543.0	0.04152
2543.5	0.04308
2544.0	0.04448
2544.5	0.04460
2545.0	0.04368
2545.5	0.04400
2546.0	0.04406
2546.5	0.04376
2547.0	0.04510
2547.5	0.04638
2548.0	0.04580
2548.5	0.04454
2549.0	0.04476
2549.5	0.04592
2550.0	0.04764
2550.5	0.04566
2551.0	0.04624
2551.5	0.04574
2552.0	0.04560
2552.5	0.04620
2553.0	0.04990
2553.5	0.05188
2554.0	0.05286
2554.5	0.04768
2555.0	0.05230
2555.5	0.05536
2556.0	0.05636
2556.5	0.05736
2557.0	0.05704
2557.5	0.05842
2558.0	0.05852
2558.5	0.06154
2559.0	0.06294
2559.5	0.06440
2560.0	0.06486
2560.5	0.06590
2561.0	0.06794
2561.5	0.07020
2562.0	0.07144
2562.5	0.07298
2563.0	0.07398
2563.5	0.07318
2564.0	0.07286
2564.5	0.07412
2565.0	0.07762
2565.5	0.08144
2566.0	0.08398
2566.5	0.08610
2567.0	0.08582
2567.5	0.08726
2568.0	0.09166
2568.5	0.09412
2569.0	0.09634
2569.5	0.09782
2570.0	0.09906
2570.5	0.10110
2571.0	0.10268
2571.5	0.10634
2572.0	0.10740
2572.5	0.10728
2573.0	0.11074
2573.5	0.11222
2574.0	0.11430
2574.5	0.11608
2575.0	0.11922
2575.5	0.12194
2576.0	0.12298
2576.5	0.12648
2577.0	0.12850
2577.5	0.12966
2578.0	0.13184
2578.5	0.13486
2579.0	0.13834
2579.5	0.13924
2580.0	0.14230
2580.5	0.14424
2581.0	0.14678
2581.5	0.15084
2582.0	0.15254
2582.5	0.15252
2583.0	0.15620
2583.5	0.15984
2584.0	0.16236
2584.5	0.16600
2585.0	0.16764
2585.5	0.16984
2586.0	0.17268
2586.5	0.17410
2587.0	0.17734
2587.5	0.17996
2588.0	0.18200
2588.5	0.18512
2589.0	0.18710
2589.5	0.18972
2590.0	0.19176
2590.5	0.19544
2591.0	0.19896
2591.5	0.19982
2592.0	0.20212
2592.5	0.20518
2593.0	0.20760
2593.5	0.20964
2594.0	0.20966
2594.5	0.21244
2595.0	0.21494
2595.5	0.21752
2596.0	0.22014
2596.5	0.22276
2597.0	0.22690
2597.5	0.22854
2598.0	0.23040
2598.5	0.23330
2599.0	0.23572
2599.5	0.23990
2600.0	0.24124
2600.5	0.24338
2601.0	0.24582
2601.5	0.24610
2602.0	0.24984
2602.5	0.25452
2603.0	0.25622
2603.5	0.25682
2604.0	0.25866
2604.5	0.26036
2605.0	0.26370
2605.5	0.26724
2606.0	0.27136
2606.5	0.27364
2607.0	0.27280
2607.5	0.27406
2608.0	0.27620
2608.5	0.27920
2609.0	0.28288
2609.5	0.28402
2610.0	0.28708
2610.5	0.28710
2611.0	0.28980
2611.5	0.29380
2612.0	0.29490
2612.5	0.29680
2613.0	0.29864
2613.5	0.29858
2614.0	0.29952
2614.5	0.30488
2615.0	0.30726
2615.5	0.30954
2616.0	0.30962
2616.5	0.30896
2617.0	0.31040
2617.5	0.31382
2618.0	0.31754
2618.5	0.31944
2619.0	0.32142
2619.5	0.32262
2620.0	0.32244
2620.5	0.32406
2621.0	0.32796
2621.5	0.33306
2622.0	0.33304
2622.5	0.33554
2623.0	0.33492
2623.5	0.33580
2624.0	0.33838
2624.5	0.34020
2625.0	0.33984
2625.5	0.34150
2626.0	0.34252
2626.5	0.34320
2627.0	0.34574
2627.5	0.34670
2628.0	0.34690
2628.5	0.34850
2629.0	0.34896
2629.5	0.35008
2630.0	0.35052
2630.5	0.35128
2631.0	0.35440
2631.5	0.35404
2632.0	0.35504
2632.5	0.35648
2633.0	0.35618
2633.5	0.35598
2634.0	0.35718
2634.5	0.35602
2635.0	0.35840
2635.5	0.35920
2636.0	0.36084
2636.5	0.36310
2637.0	0.36322
2637.5	0.36372
2638.0	0.36294
2638.5	0.36044
2639.0	0.36142
2639.5	0.36312
2640.0	0.36460
2640.5	0.36478
2641.0	0.36266
2641.5	0.36252
2642.0	0.36168
2642.5	0.36430
2643.0	0.36592
2643.5	0.36516
2644.0	0.36562
2644.5	0.36564
2645.0	0.36526
2645.5	0.36638
2646.0	0.36552
2646.5	0.36724
2647.0	0.36812
2647.5	0.36728
2648.0	0.36354
2648.5	0.36396
2649.0	0.36452
2649.5	0.36476
2650.0	0.36272
2650.5	0.35928
2651.0	0.35816
2651.5	0.35822
2652.0	0.35834
2652.5	0.35800
2653.0	0.35798
2653.5	0.35824
2654.0	0.35672
2654.5	0.35662
2655.0	0.35240
2655.5	0.35060
2656.0	0.35118
2656.5	0.35056
2657.0	0.35062
2657.5	0.34756
2658.0	0.34702
2658.5	0.34622
2659.0	0.34592
2659.5	0.34298
2660.0	0.34134
2660.5	0.34000
2661.0	0.34068
2661.5	0.34056
2662.0	0.33928
2662.5	0.33652
2663.0	0.33496
2663.5	0.33262
2664.0	0.33110
2664.5	0.32898
2665.0	0.32646
2665.5	0.32478
2666.0	0.32152
2666.5	0.32104
2667.0	0.31902
2667.5	0.31994
2668.0	0.31874
2668.5	0.31732
2669.0	0.31650
2669.5	0.31542
2670.0	0.31350
2670.5	0.31086
2671.0	0.30672
2671.5	0.30654
2672.0	0.30334
2672.5	0.30184
2673.0	0.30082
2673.5	0.29790
2674.0	0.29530
2674.5	0.29152
2675.0	0.28730
2675.5	0.28574
2676.0	0.28262
2676.5	0.28230
2677.0	0.27932
2677.5	0.27652
2678.0	0.27488
2678.5	0.27220
2679.0	0.26940
2679.5	0.26710
2680.0	0.26698
2680.5	0.26440
2681.0	0.26094
2681.5	0.25768
2682.0	0.25560
2682.5	0.25386
2683.0	0.25006
2683.5	0.24702
2684.0	0.24354
2684.5	0.24232
2685.0	0.23944
2685.5	0.23956
2686.0	0.23806
2686.5	0.23498
2687.0	0.23100
2687.5	0.22680
2688.0	0.22202
2688.5	0.22062
2689.0	0.21932
2689.5	0.21762
2690.0	0.21432
2690.5	0.21292
2691.0	0.21092
2691.5	0.20862
2692.0	0.20564
2692.5	0.20368
2693.0	0.20142
2693.5	0.19742
2694.0	0.19540
2694.5	0.19224
2695.0	0.18948
2695.5	0.18614
2696.0	0.18456
2696.5	0.18056
2697.0	0.17996
2697.5	0.17850
2698.0	0.17496
2698.5	0.17192
2699.0	0.16920
2699.5	0.16574
2700.0	0.16320
2700.5	0.16140
2701.0	0.15816
2701.5	0.15502
2702.0	0.15188
2702.5	0.14998
2703.0	0.14914
2703.5	0.14668
2704.0	0.14282
2704.5	0.13938
2705.0	0.13620
2705.5	0.13386
2706.0	0.13188
2706.5	0.12900
2707.0	0.12680
2707.5	0.12528
2708.0	0.12464
2708.5	0.12240
2709.0	0.12048
2709.5	0.11662
2710.0	0.11490
2710.5	0.11334
2711.0	0.11124
2711.5	0.10876
2712.0	0.10592
2712.5	0.10398
2713.0	0.10328
2713.5	0.10156
2714.0	0.09968
2714.5	0.09850
2715.0	0.09402
2715.5	0.09304
2716.0	0.09248
2716.5	0.09082
2717.0	0.09052
2717.5	0.08828
2718.0	0.08512
2718.5	0.08270
2719.0	0.08214
2719.5	0.07888
2720.0	0.07662
2720.5	0.07320
2721.0	0.07228
2721.5	0.07012
2722.0	0.06810
2722.5	0.06820
2723.0	0.06840
2723.5	0.06576
2724.0	0.06470
2724.5	0.06242
2725.0	0.05964
2725.5	0.05880
2726.0	0.05858
2726.5	0.05640
2727.0	0.05322
2727.5	0.05024
2728.0	0.04942
2728.5	0.04876
2729.0	0.04914
2729.5	0.04800
2730.0	0.04796
2730.5	0.04750
2731.0	0.04526
2731.5	0.04458
2732.0	0.04322
2732.5	0.04204
2733.0	0.04328
2733.5	0.03986
2734.0	0.03998
2734.5	0.03908
2735.0	0.03868
2735.5	0.04058
2736.0	0.03656
2736.5	0.03534
2737.0	0.03206
2737.5	0.03142
2738.0	0.03318
2738.5	0.03464
2739.0	0.03486
2739.5	0.03136
2740.0	0.02822
2740.5	0.02494
2741.0	0.02778
2741.5	0.02706
2742.0	0.02898
2742.5	0.02828
2743.0	0.02790
2743.5	0.02810
2744.0	0.02944
2744.5	0.03018
2745.0	0.02828
2745.5	0.02874
2746.0	0.03006
2746.5	0.03030
2747.0	0.03010
2747.5	0.03102
2748.0	0.03068
2748.5	0.02940
2749.0	0.02918
2749.5	0.03022
2750.0	0.02966
2750.5	0.02950
2751.0	0.03024
2751.5	0.03010
2752.0	0.03074
2752.5	0.03312
2753.0	0.03390
2753.5	0.03466
2754.0	0.03494
2754.5	0.03758
2755.0	0.04028
2755.5	0.04210
2756.0	0.04262
2756.5	0.04316
2757.0	0.04448
2757.5	0.04504
2758.0	0.04572
2758.5	0.04516
2759.0	0.04554
2759.5	0.04734
2760.0	0.04876
2760.5	0.05058
2761.0	0.05114
2761.5	0.05374
2762.0	0.05330
2762.5	0.05426
2763.0	0.05908
2763.5	0.05942
2764.0	0.06026
2764.5	0.05986
2765.0	0.06216
2765.5	0.06466
2766.0	0.06636
2766.5	0.07008
2767.0	0.07066
2767.5	0.07116
2768.0	0.07410
2768.5	0.07604
2769.0	0.07660
2769.5	0.08014
2770.0	0.08306
2770.5	0.08382
2771.0	0.08508
2771.5	0.08732
2772.0	0.09028
2772.5	0.09096
2773.0	0.09306
2773.5	0.09682
2774.0	0.09788
2774.5	0.09942
2775.0	0.10224
2775.5	0.10624
2776.0	0.11066
2776.5	0.11254
2777.0	0.11332
2777.5	0.11644
2778.0	0.11708
2778.5	0.12018
2779.0	0.12106
2779.5	0.12134
2780.0	0.12382
2780.5	0.12612
2781.0	0.13128
2781.5	0.13346
2782.0	0.13740
2782.5	0.13966
2783.0	0.14144
2783.5	0.14280
2784.0	0.14514
2784.5	0.14860
2785.0	0.15134
2785.5	0.15466
2786.0	0.15824
2786.5	0.16040
2787.0	0.16192
2787.5	0.16324
2788.0	0.16850
2788.5	0.17180
2789.0	0.17324
2789.5	0.17524
2790.0	0.17860
2790.5	0.18052
2791.0	0.18504
2791.5	0.18610
2792.0	0.18656
2792.5	0.19092
2793.0	0.19294
2793.5	0.19620
2794.0	0.19950
2794.5	0.20372
2795.0	0.20432
2795.5	0.20564
2796.0	0.20822
2796.5	0.20984
2797.0	0.21460
2797.5	0.21948
2798.0	0.22138
2798.5	0.22300
2799.0	0.22442
2799.5	0.22698
2800.0	0.23016
2800.5	0.23278
2801.0	0.23674
2801.5	0.23906
2802.0	0.24030
2802.5	0.24216
2803.0	0.24352
2803.5	0.24706
2804.0	0.24998
2804.5	0.25366
2805.0	0.25594
2805.5	0.25828
2806.0	0.25994
2806.5	0.26198
2807.0	0.26424
2807.5	0.26638
2808.0	0.26740
2808.5	0.27034
2809.0	0.27250
2809.5	0.27718
2810.0	0.28080
2810.5	0.28236
2811.0	0.28324
2811.5	0.28418
2812.0	0.28778
2812.5	0.29118
2813.0	0.29270
2813.5	0.29632
2814.0	0.29684
2814.5	0.29976
2815.0	0.30208
2815.5	0.30376
2816.0	0.30328
2816.5	0.30474
2817.0	0.30586
2817.5	0.30864
2818.0	0.31134
2818.5	0.31318
2819.0	0.31606
2819.5	0.31752
2820.0	0.31984
2820.5	0.31804
2821.0	0.31866
2821.5	0.32056
2822.0	0.32284
2822.5	0.32734
2823.0	0.32800
2823.5	0.32990
2824.0	0.33274
2824.5	0.33482
2825.0	0.33710
2825.5	0.33790
2826.0	0.34072
2826.5	0.34088
2827.0	0.33854
2827.5	0.34234
2828.0	0.34270
2828.5	0.34360
2829.0	0.34664
2829.5	0.34638
2830.0	0.34620
2830.5	0.34834
2831.0	0.34846
2831.5	0.34936
2832.0	0.35004
2832.5	0.35214
2833.0	0.35304
2833.5	0.35362
2834.0	0.35544
2834.5	0.35782
2835.0	0.35770
2835.5	0.35682
2836.0	0.35638
2836.5	0.35866
2837.0	0.35818
2837.5	0.35914
2838.0	0.36058
2838.5	0.36080
2839.0	0.36250
2839.5	0.36310
2840.0	0.36522
2840.5	0.36608
2841.0	0.36552
2841.5	0.36708
2842.0	0.36748
2842.5	0.36674
2843.0	0.36678
2843.5	0.36548
2844.0	0.36806
2844.5	0.36716
2845.0	0.36658
2845.5	0.36768
2846.0	0.36726
2846.5	0.36584
2847.0	0.36556
2847.5	0.36556
2848.0	0.36598
2848.5	0.36512
2849.0	0.36440
2849.5	0.36406
2850.0	0.36280
2850.5	0.36072
2851.0	0.35602
2851.5	0.35582
2852.0	0.35520
2852.5	0.35422
2853.0	0.35394
2853.5	0.35406
2854.0	0.35508
2854.5	0.35464
2855.0	0.35168
2855.5	0.35182
2856.0	0.34918
2856.5	0.35058
2857.0	0.35134
2857.5	0.34870
2858.0	0.34698
2858.5	0.34538
2859.0	0.34520
2859.5	0.34768
2860.0	0.34674
2860.5	0.34466
2861.0	0.34238
2861.5	0.33996
2862.0	0.34008
2862.5	0.33692
2863.0	0.33740
2863.5	0.33682
2864.0	0.33474
2864.5	0.33314
2865.0	0.32968
2865.5	0.32828
2866.0	0.32688
2866.5	0.32646
2867.0	0.32586
2867.5	0.32344
2868.0	0.32148
2868.5	0.32006
2869.0	0.31902
2869.5	0.31858
2870.0	0.31466
2870.5	0.31182
2871.0	0.30952
2871.5	0.30824
2872.0	0.30828
2872.5	0.30456
2873.0	0.30084
2873.5	0.29966
2874.0	0.29644
2874.5	0.29552
2875.0	0.29216
2875.5	0.29174
2876.0	0.28848
2876.5	0.28396
2877.0	0.28272
2877.5	0.27920
2878.0	0.27706
2878.5	0.27736
2879.0	0.27392
2879.5	0.27334
2880.0	0.27146
2880.5	0.26982
2881.0	0.26730
2881.5	0.26188
2882.0	0.26002
2882.5	0.25524
2883.0	0.25072
2883.5	0.24682
2884.0	0.24478
2884.5	0.24458
2885.0	0.24078
2885.5	0.23832
2886.0	0.23800
2886.5	0.23406
2887.0	0.23256
2887.5	0.23152
2888.0	0.22640
2888.5	0.22260
2889.0	0.21810
2889.5	0.21460
2890.0	0.21304
2890.5	0.21254
2891.0	0.20980
2891.5	0.20632
2892.0	0.20320
2892.5	0.20178
2893.0	0.20018
2893.5	0.19886
2894.0	0.19742
2894.5	0.19676
2895.0	0.19322
2895.5	0.18926
2896.0	0.18676
2896.5	0.18472
2897.0	0.18040
2897.5	0.17762
2898.0	0.17446
2898.5	0.17216
2899.0	0.16748
2899.5	0.16876
2900.0	0.16746
2900.5	0.16354
2901.0	0.16144
2901.5	0.15860
2902.0	0.15626
2902.5	0.15394
2903.0	0.15204
2903.5	0.14728
2904.0	0.14622
2904.5	0.14334
2905.0	0.13960
2905.5	0.13924
2906.0	0.13554
2906.5	0.13264
2907.0	0.12968
2907.5	0.12718
2908.0	0.12546
2908.5	0.12352
2909.0	0.12190
2909.5	0.12000
2910.0	0.11688
2910.5	0.11420
2911.0	0.11300
2911.5	0.11158
2912.0	0.10996
2912.5	0.10822
2913.0	0.10372
2913.5	0.10246
2914.0	0.10018
2914.5	0.09784
2915.0	0.09656
2915.5	0.09342
2916.0	0.09116
2916.5	0.08838
2917.0	0.08748
2917.5	0.08434
2918.0	0.08236
2918.5	0.08156
2919.0	0.08098
2919.5	0.07904
2920.0	0.07652
2920.5	0.07558
2921.0	0.07448
2921.5	0.07370
2922.0	0.07032
2922.5	0.06984
2923.0	0.06688
2923.5	0.06390
2924.0	0.06334
2924.5	0.06248
2925.0	0.06240
2925.5	0.06296
2926.0	0.06124
2926.5	0.05928
2927.0	0.05636
2927.5	0.05736
2928.0	0.05642
2928.5	0.05520
2929.0	0.05420
2929.5	0.05206
2930.0	0.04796
2930.5	0.04680
2931.0	0.04668
2931.5	0.04824
2932.0	0.04704
2932.5	0.04482
2933.0	0.04364
2933.5	0.04334
2934.0	0.04358
2934.5	0.04128
2935.0	0.03874
2935.5	0.03754
2936.0	0.03594
2936.5	0.03544
2937.0	0.03654
2937.5	0.03626
2938.0	0.03548
2938.5	0.03296
2939.0	0.03560
2939.5	0.03610
2940.0	0.03632
2940.5	0.03716
2941.0	0.03752
2941.5	0.03560
2942.0	0.03232
2942.5	0.03218
2943.0	0.03282
2943.5	0.03296
2944.0	0.03370
2944.5	0.03120
2945.0	0.02912
2945.5	0.03010
2946.0	0.03136
2946.5	0.03152
2947.0	0.03224
2947.5	0.03136
2948.0	0.03096
2948.5	0.03046
2949.0	0.03324
2949.5	0.03342
2950.0	0.03422
2950.5	0.03376
2951.0	0.03352
2951.5	0.03562
2952.0	0.03626
2952.5	0.03636
2953.0	0.03770
2953.5	0.03852
2954.0	0.03850
2954.5	0.03842
2955.0	0.04106
2955.5	0.04242
2956.0	0.04108
2956.5	0.04024
2957.0	0.04152
2957.5	0.04296
2958.0	0.04428
2958.5	0.04598
2959.0	0.04768
2959.5	0.04870
2960.0	0.05078
2960.5	0.05080
2961.0	0.05032
2961.5	0.05112
2962.0	0.05266
2962.5	0.05496
2963.0	0.05712
2963.5	0.05748
2964.0	0.05886
2964.5	0.06052
2965.0	0.06328
2965.5	0.06674
2966.0	0.07004
2966.5	0.06982
2967.0	0.07126
2967.5	0.07196
2968.0	0.07280
2968.5	0.07478
2969.0	0.07866
2969.5	0.08068
2970.0	0.08036
2970.5	0.08086
2971.0	0.08430
2971.5	0.08676
2972.0	0.08856
2972.5	0.09152
2973.0	0.09358
2973.5	0.09606
2974.0	0.09850
2974.5	0.10048
2975.0	0.10234
2975.5	0.10610
2976.0	0.10770
2976.5	0.10956
2977.0	0.11296
2977.5	0.11444
2978.0	0.11792
2978.5	0.12164
2979.0	0.12346
2979.5	0.12328
2980.0	0.12590
2980.5	0.12862
2981.0	0.13258
2981.5	0.13772
2982.0	0.13938
2982.5	0.14014
2983.0	0.14028
2983.5	0.14324
2984.0	0.14564
2984.5	0.14934
2985.0	0.15152
2985.5	0.15418
2986.0	0.15380
2986.5	0.15530
2987.0	0.15808
2987.5	0.16322
2988.0	0.16658
2988.5	0.16938
2989.0	0.17084
2989.5	0.17326
2990.0	0.17542
2990.5	0.17784
2991.0	0.18102
2991.5	0.18354
2992.0	0.18700
2992.5	0.18910
2993.0	0.19124
2993.5	0.19268
2994.0	0.19644
2994.5	0.19946
2995.0	0.20218
2995.5	0.20460
2996.0	0.20664
2996.5	0.20920
2997.0	0.21230
2997.5	0.21502
2998.0	0.21686
2998.5	0.21978
2999.0	0.22200
2999.5	0.22256
3000.0	0.22618
3000.5	0.23038
3001.0	0.23406
3001.5	0.23518
3002.0	0.23774
3002.5	0.24170
3003.0	0.24420
3003.5	0.24928
3004.0	0.25070
3004.5	0.25072
3005.0	0.25180
3005.5	0.25524
3006.0	0.25822
3006.5	0.25966
3007.0	0.26204
3007.5	0.26416
3008.0	0.26744
3008.5	0.26822
3009.0	0.27218
3009.5	0.27614
3010.0	0.27826
3010.5	0.27886
3011.0	0.28244
3011.5	0.28470
3012.0	0.28698
3012.5	0.29318
3013.0	0.29538
3013.5	0.29632
3014.0	0.29786
3014.5	0.29944
3015.0	0.30138
3015.5	0.30164
3016.0	0.30482
3016.5	0.30618
3017.0	0.30808
3017.5	0.30926
3018.0	0.31262
3018.5	0.31610
3019.0	0.31552
3019.5	0.31876
3020.0	0.31974
3020.5	0.32024
3021.0	0.32190
3021.5	0.32440
3022.0	0.32810
3022.5	0.33082
3023.0	0.33008
3023.5	0.33022
3024.0	0.33302
3024.5	0.33526
3025.0	0.33588
3025.5	0.33602
3026.0	0.33804
3026.5	0.34022
3027.0	0.34144
3027.5	0.34272
3028.0	0.34288
3028.5	0.34284
3029.0	0.34422
3029.5	0.34512
3030.0	0.34754
3030.5	0.34882
3031.0	0.34920
3031.5	0.35130
3032.0	0.35314
3032.5	0.35386
3033.0	0.35382
3033.5	0.35452
3034.0	0.35708
3034.5	0.35856
3035.0	0.35730
3035.5	0.35710
3036.0	0.35884
3036.5	0.36098
3037.0	0.36076
3037.5	0.36156
3038.0	0.36318
3038.5	0.36204
3039.0	0.36438
3039.5	0.36586
3040.0	0.36652
3040.5	0.36596
3041.0	0.36556
3041.5	0.36338
3042.0	0.36452
3042.5	0.36392
3043.0	0.36598
3043.5	0.36792
3044.0	0.36770
3044.5	0.36690
3045.0	0.36674
3045.5	0.36674
3046.0	0.36578
3046.5	0.36550
3047.0	0.36516
3047.5	0.36398
3048.0	0.36514
3048.5	0.36332
3049.0	0.36438
3049.5	0.36440
3050.0	0.36322
3050.5	0.36332
3051.0	0.36198
3051.5	0.36068
3052.0	0.35862
3052.5	0.35842
3053.0	0.36012
3053.5	0.35782
3054.0	0.35242
3054.5	0.35322
3055.0	0.35464
3055.5	0.35190
3056.0	0.35322
3056.5	0.35158
3057.0	0.34990
3057.5	0.34972
3058.0	0.35004
3058.5	0.34978
3059.0	0.34804
3059.5	0.34586
3060.0	0.34342
3060.5	0.34236
3061.0	0.34226
3061.5	0.34110
3062.0	0.33952
3062.5	0.33778
3063.0	0.33502
3063.5	0.33418
3064.0	0.33280
3064.5	0.33156
3065.0	0.33172
3065.5	0.32960
3066.0	0.32734
3066.5	0.32582
3067.0	0.32444
3067.5	0.32346
3068.0	0.31980
3068.5	0.31748
3069.0	0.31622
3069.5	0.31484
3070.0	0.31446
3070.5	0.31430
3071.0	0.31126
3071.5	0.30858
3072.0	0.30488
3072.5	0.30316
3073.0	0.30204
3073.5	0.29970
3074.0	0.29726
3074.5	0.29514
3075.0	0.29118
3075.5	0.28790
3076.0	0.28720
3076.5	0.28650
3077.0	0.28480
3077.5	0.28382
3078.0	0.28124
3078.5	0.27658
3079.0	0.27452
3079.5	0.27412
3080.0	0.27184
3080.5	0.26930
3081.0	0.26692
3081.5	0.26368
3082.0	0.25986
3082.5	0.25772
3083.0	0.25536
3083.5	0.25484
3084.0	0.25040
3084.5	0.24588
3085.0	0.24280
3085.5	0.24104
3086.0	0.23918
3086.5	0.23752
3087.0	0.23544
3087.5	0.23244
3088.0	0.22938
3088.5	0.22790
3089.0	0.22568
3089.5	0.22312
3090.0	0.21842
3090.5	0.21626
3091.0	0.21288
3091.5	0.21058
3092.0	0.20898
3092.5	0.20464
3093.0	0.20258
3093.5	0.19854
3094.0	0.19578
3094.5	0.19400
3095.0	0.19202
3095.5	0.19156
3096.0	0.18864
3096.5	0.18580
3097.0	0.18210
3097.5	0.17904
3098.0	0.17642
3098.5	0.17570
3099.0	0.17328
3099.5	0.17068
3100.0	0.16684
3100.5	0.16206
3101.0	0.15954
3101.5	0.15882
3102.0	0.15688
3102.5	0.15432
3103.0	0.15074
3103.5	0.14924
3104.0	0.14708
3104.5	0.14600
3105.0	0.14314
3105.5	0.13816
3106.0	0.13428
3106.5	0.13258
3107.0	0.12888
3107.5	0.12680
3108.0	0.12658
3108.5	0.12428
3109.0	0.11898
3109.5	0.11666
3110.0	0.11668
3110.5	0.11598
3111.0	0.11494
3111.5	0.11164
3112.0	0.10974
3112.5	0.10620
3113.0	0.10416
3113.5	0.10240
3114.0	0.10088
3114.5	0.10034
3115.0	0.09704
3115.5	0.09428
3116.0	0.09250
3116.5	0.09066
3117.0	0.09272
3117.5	0.09028
3118.0	0.08696
3118.5	0.08292
3119.0	0.08290
3119.5	0.08184
3120.0	0.07988
3120.5	0.07812
3121.0	0.07470
3121.5	0.07086
3122.0	0.06862
3122.5	0.06912
3123.0	0.07050
3123.5	0.06826
3124.0	0.06416
3124.5	0.06220
3125.0	0.06010
3125.5	0.05880
3126.0	0.05948
3126.5	0.06006
3127.0	0.05902
3127.5	0.05722
3128.0	0.05734
3128.5	0.05694
3129.0	0.05608
3129.5	0.05548
3130.0	0.05158
3130.5	0.04764
3131.0	0.04844
3131.5	0.04832
3132.0	0.04666
3132.5	0.04644
3133.0	0.04614
3133.5	0.04740
3134.0	0.04700
3134.5	0.04550
3135.0	0.04736
3135.5	0.04796
3136.0	0.04612
3136.5	0.04474
3137.0	0.04226
3137.5	0.04146
3138.0	0.04122
3138.5	0.04150
3139.0	0.04232
3139.5	0.03962
3140.0	0.03718
3140.5	0.03484
3141.0	0.03760
3141.5	0.03660
3142.0	0.03658
3142.5	0.03530
3143.0	0.03342
3143.5	0.03348
3144.0	0.03336
3144.5	0.03504
3145.0	0.03670
3145.5	0.03754
3146.0	0.03802
3146.5	0.03862
3147.0	0.03688
3147.5	0.03756
3148.0	0.03728
3148.5	0.03816
3149.0	0.03722
3149.5	0.03614
3150.0	0.03730
3150.5	0.03924
3151.0	0.04010
3151.5	0.04172
3152.0	0.04048
3152.5	0.03890
3153.0	0.04134
3153.5	0.04124
3154.0	0.04148
3154.5	0.04252
3155.0	0.04256
3155.5	0.04288
3156.0	0.04274
3156.5	0.04468
3157.0	0.04622
3157.5	0.04804
3158.0	0.04914
3158.5	0.04894
3159.0	0.04794
3159.5	0.05012
3160.0	0.05214
3160.5	0.05410
3161.0	0.05572
3161.5	0.05840
3162.0	0.05946
3162.5	0.05980
3163.0	0.06150
3163.5	0.06328
3164.0	0.06260
3164.5	0.06438
3165.0	0.06502
3165.5	0.06578
3166.0	0.06936
3166.5	0.07250
3167.0	0.07286
3167.5	0.07194
3168.0	0.07360
3168.5	0.07700
3169.0	0.07848
3169.5	0.08068
3170.0	0.08324
3170.5	0.08504
3171.0	0.08574
3171.5	0.08678
3172.0	0.08918
3172.5	0.09124
3173.0	0.09396
3173.5	0.09744
3174.0	0.09922
3174.5	0.09908
3175.0	0.10034
3175.5	0.10308
3176.0	0.10470
3176.5	0.10576
3177.0	0.10822
3177.5	0.10896
3178.0	0.11090
3178.5	0.11334
3179.0	0.11628
3179.5	0.11842
3180.0	0.11946
3180.5	0.11816
3181.0	0.12068
3181.5	0.12288
3182.0	0.12580
3182.5	0.12866
3183.0	0.12976
3183.5	0.12940
3184.0	0.13232
3184.5	0.13546
3185.0	0.13788
3185.5	0.14030
3186.0	0.14594
3186.5	0.14690
3187.0	0.15058
3187.5	0.15480
3188.0	0.15838
3188.5	0.15992
3189.0	0.16138
3189.5	0.16318
3190.0	0.16600
3190.5	0.16754
3191.0	0.17104
3191.5	0.17524
3192.0	0.17654
3192.5	0.17662
3193.0	0.17900
3193.5	0.18344
3194.0	0.18670
3194.5	0.19004
3195.0	0.19348
3195.5	0.19428
3196.0	0.19724
3196.5	0.20004
3197.0	0.20352
3197.5	0.20696
3198.0	0.20866
3198.5	0.21152
3199.0	0.21258
3199.5	0.21478
3200.0	0.22080
3200.5	0.22452
3201.0	0.22772
3201.5	0.22722
3202.0	0.22986
3202.5	0.23278
3203.0	0.23608
3203.5	0.23976
3204.0	0.24226
3204.5	0.24560
3205.0	0.24588
3205.5	0.24916
3206.0	0.25156
3206.5	0.25524
3207.0	0.25954
3207.5	0.26378
3208.0	0.26372
3208.5	0.26456
3209.0	0.26912
3209.5	0.27166
3210.0	0.27506
3210.5	0.27736
3211.0	0.27824
3211.5	0.28060
3212.0	0.28276
3212.5	0.28360
3213.0	0.28708
3213.5	0.28864
3214.0	0.29158
3214.5	0.29620
3215.0	0.29748
3215.5	0.29898
3216.0	0.30398
3216.5	0.30430
3217.0	0.30742
3217.5	0.31048
3218.0	0.31300
3218.5	0.31476
3219.0	0.31794
3219.5	0.32122
3220.0	0.32062
3220.5	0.32080
